*****************************************************
* Caso de prueba para el CAREM con xenón y quemado  *
*****************************************************

OPCIONES QUEMADO DIRECTO
!PASO DE TIEMPO
!  0.1

!TFINAL
! 1.0

!PASO DE IMPRESION
!  0.0

!MATRIZ DE RESPUESTA

ITERACIONES MAXIMO
  3000

!INTERPOLACION MULTIPLE
!C:\SIMCAREM\MULTIPLE

TABLAS
TCOMUN_AMPLIADA.TXT
!TCOMUN_CITVAP.TXT
!TCOMUN_MAS_NUEVO.TXT

INTERPOLACION LINEAL

!PARA COMPARAR CON PUMA CON FACTOR
!  1.0

IMPRIMIR ITERACIONES NUMERO POTENCIAS POR CANAL
!IMPRIMIR ITERACIONES NUMERO
!IMPRIMIR NUMERO

FORMATO PUMA 
5

PRECISION PARA EL CALCULO ESTATICO
  1.0E-8

PRECISION PARA EL CALCULO CINETICO
  1.0E-5

Potencia de Fision
  192.0

COEFICIENTE DE SOBRERRELAJACION
  1.65

!VALORES CENTRALES DE TABLA (ConcXE0 TComb0 DensRefr0 TempRefr0):
!  1.4774E+15  450.0   675.0   305.0

INTERCALADOS

QUEMADOS
CAN E1  
       0.0       0.0       0.0       0.0       0.0       0.0       0.0       0.0
       0.0       0.0       0.0       0.0       0.0       0.0
CAN D2
       0.0       0.0       0.0       0.0       0.0       0.0       0.0       0.0
       0.0       0.0       0.0       0.0       0.0       0.0
CAN F1  
       0.0       0.0       0.0       0.0       0.0       0.0       0.0       0.0
       0.0       0.0       0.0       0.0       0.0       0.0
CAN C3  
       0.0       0.0       0.0       0.0       0.0       0.0       0.0       0.0
       0.0       0.0       0.0       0.0       0.0       0.0
CAN E2  
       0.0       0.0       0.0       0.0       0.0       0.0       0.0       0.0
       0.0       0.0       0.0       0.0       0.0       0.0
CAN G1  
       0.0       0.0       0.0       0.0       0.0       0.0       0.0       0.0
       0.0       0.0       0.0       0.0       0.0       0.0
CAN B4  
       0.0       0.0       0.0       0.0       0.0       0.0       0.0       0.0
       0.0       0.0       0.0       0.0       0.0       0.0
CAN D3  
       0.0       0.0       0.0       0.0       0.0       0.0       0.0       0.0
       0.0       0.0       0.0       0.0       0.0       0.0
CAN F2  
       0.0       0.0       0.0       0.0       0.0       0.0       0.0       0.0
       0.0       0.0       0.0       0.0       0.0       0.0
CAN H1  
       0.0       0.0       0.0       0.0       0.0       0.0       0.0       0.0
       0.0       0.0       0.0       0.0       0.0       0.0
CAN A5  
       0.0       0.0       0.0       0.0       0.0       0.0       0.0       0.0
       0.0       0.0       0.0       0.0       0.0       0.0
CAN C4
       0.0       0.0       0.0       0.0       0.0       0.0       0.0       0.0
       0.0       0.0       0.0       0.0       0.0       0.0
CAN E3  
       0.0       0.0       0.0       0.0       0.0       0.0       0.0       0.0
       0.0       0.0       0.0       0.0       0.0       0.0
CAN G2  
       0.0       0.0       0.0       0.0       0.0       0.0       0.0       0.0
       0.0       0.0       0.0       0.0       0.0       0.0
CAN I1  
       0.0       0.0       0.0       0.0       0.0       0.0       0.0       0.0
       0.0       0.0       0.0       0.0       0.0       0.0
CAN B5  
       0.0       0.0       0.0       0.0       0.0       0.0       0.0       0.0
       0.0       0.0       0.0       0.0       0.0       0.0
CAN D4  
       0.0       0.0       0.0       0.0       0.0       0.0       0.0       0.0
       0.0       0.0       0.0       0.0       0.0       0.0
CAN F3  
       0.0       0.0       0.0       0.0       0.0       0.0       0.0       0.0
       0.0       0.0       0.0       0.0       0.0       0.0
CAN H2  
       0.0       0.0       0.0       0.0       0.0       0.0       0.0       0.0
       0.0       0.0       0.0       0.0       0.0       0.0
CAN A6  
       0.0       0.0       0.0       0.0       0.0       0.0       0.0       0.0
       0.0       0.0       0.0       0.0       0.0       0.0
CAN C5  
       0.0       0.0       0.0       0.0       0.0       0.0       0.0       0.0
       0.0       0.0       0.0       0.0       0.0       0.0
CAN E4
       0.0       0.0       0.0       0.0       0.0       0.0       0.0       0.0
       0.0       0.0       0.0       0.0       0.0       0.0
CAN G3  
       0.0       0.0       0.0       0.0       0.0       0.0       0.0       0.0
       0.0       0.0       0.0       0.0       0.0       0.0
CAN I2  
       0.0       0.0       0.0       0.0       0.0       0.0       0.0       0.0
       0.0       0.0       0.0       0.0       0.0       0.0
CAN B6  
       0.0       0.0       0.0       0.0       0.0       0.0       0.0       0.0
       0.0       0.0       0.0       0.0       0.0       0.0
CAN D5  
       0.0       0.0       0.0       0.0       0.0       0.0       0.0       0.0
       0.0       0.0       0.0       0.0       0.0       0.0
CAN F4  
       0.0       0.0       0.0       0.0       0.0       0.0       0.0       0.0
       0.0       0.0       0.0       0.0       0.0       0.0
CAN H3  
       0.0       0.0       0.0       0.0       0.0       0.0       0.0       0.0
       0.0       0.0       0.0       0.0       0.0       0.0
CAN A7  
       0.0       0.0       0.0       0.0       0.0       0.0       0.0       0.0
       0.0       0.0       0.0       0.0       0.0       0.0
CAN C6  
       0.0       0.0       0.0       0.0       0.0       0.0       0.0       0.0
       0.0       0.0       0.0       0.0       0.0       0.0
CAN E5  
       0.0       0.0       0.0       0.0       0.0       0.0       0.0       0.0
       0.0       0.0       0.0       0.0       0.0       0.0
CAN G4
       0.0       0.0       0.0       0.0       0.0       0.0       0.0       0.0
       0.0       0.0       0.0       0.0       0.0       0.0
CAN I3  
       0.0       0.0       0.0       0.0       0.0       0.0       0.0       0.0
       0.0       0.0       0.0       0.0       0.0       0.0
CAN B7  
       0.0       0.0       0.0       0.0       0.0       0.0       0.0       0.0
       0.0       0.0       0.0       0.0       0.0       0.0
CAN D6  
       0.0       0.0       0.0       0.0       0.0       0.0       0.0       0.0
       0.0       0.0       0.0       0.0       0.0       0.0
CAN F5  
       0.0       0.0       0.0       0.0       0.0       0.0       0.0       0.0
       0.0       0.0       0.0       0.0       0.0       0.0
CAN H4  
       0.0       0.0       0.0       0.0       0.0       0.0       0.0       0.0
       0.0       0.0       0.0       0.0       0.0       0.0
CAN A8  
       0.0       0.0       0.0       0.0       0.0       0.0       0.0       0.0
       0.0       0.0       0.0       0.0       0.0       0.0
CAN C7  
       0.0       0.0       0.0       0.0       0.0       0.0       0.0       0.0
       0.0       0.0       0.0       0.0       0.0       0.0
CAN E6  
       0.0       0.0       0.0       0.0       0.0       0.0       0.0       0.0
       0.0       0.0       0.0       0.0       0.0       0.0
CAN G5  
       0.0       0.0       0.0       0.0       0.0       0.0       0.0       0.0
       0.0       0.0       0.0       0.0       0.0       0.0
CAN I4
       0.0       0.0       0.0       0.0       0.0       0.0       0.0       0.0
       0.0       0.0       0.0       0.0       0.0       0.0
CAN B8  
       0.0       0.0       0.0       0.0       0.0       0.0       0.0       0.0
       0.0       0.0       0.0       0.0       0.0       0.0
CAN D7  
       0.0       0.0       0.0       0.0       0.0       0.0       0.0       0.0
       0.0       0.0       0.0       0.0       0.0       0.0
CAN F6  
       0.0       0.0       0.0       0.0       0.0       0.0       0.0       0.0
       0.0       0.0       0.0       0.0       0.0       0.0
CAN H5  
       0.0       0.0       0.0       0.0       0.0       0.0       0.0       0.0
       0.0       0.0       0.0       0.0       0.0       0.0
CAN A9  
       0.0       0.0       0.0       0.0       0.0       0.0       0.0       0.0
       0.0       0.0       0.0       0.0       0.0       0.0
CAN C8  
       0.0       0.0       0.0       0.0       0.0       0.0       0.0       0.0
       0.0       0.0       0.0       0.0       0.0       0.0
CAN E7  
       0.0       0.0       0.0       0.0       0.0       0.0       0.0       0.0
       0.0       0.0       0.0       0.0       0.0       0.0
CAN G6  
       0.0       0.0       0.0       0.0       0.0       0.0       0.0       0.0
       0.0       0.0       0.0       0.0       0.0       0.0
CAN I5  
       0.0       0.0       0.0       0.0       0.0       0.0       0.0       0.0
       0.0       0.0       0.0       0.0       0.0       0.0
CAN B9
       0.0       0.0       0.0       0.0       0.0       0.0       0.0       0.0
       0.0       0.0       0.0       0.0       0.0       0.0
CAN D8  
       0.0       0.0       0.0       0.0       0.0       0.0       0.0       0.0
       0.0       0.0       0.0       0.0       0.0       0.0
CAN F7  
       0.0       0.0       0.0       0.0       0.0       0.0       0.0       0.0
       0.0       0.0       0.0       0.0       0.0       0.0
CAN H6  
       0.0       0.0       0.0       0.0       0.0       0.0       0.0       0.0
       0.0       0.0       0.0       0.0       0.0       0.0
CAN C9  
       0.0       0.0       0.0       0.0       0.0       0.0       0.0       0.0
       0.0       0.0       0.0       0.0       0.0       0.0
CAN E8  
       0.0       0.0       0.0       0.0       0.0       0.0       0.0       0.0
       0.0       0.0       0.0       0.0       0.0       0.0
CAN G7  
       0.0       0.0       0.0       0.0       0.0       0.0       0.0       0.0
       0.0       0.0       0.0       0.0       0.0       0.0
CAN D9  
       0.0       0.0       0.0       0.0       0.0       0.0       0.0       0.0
       0.0       0.0       0.0       0.0       0.0       0.0
CAN F8  
       0.0       0.0       0.0       0.0       0.0       0.0       0.0       0.0
       0.0       0.0       0.0       0.0       0.0       0.0
CAN E9  
       0.0       0.0       0.0       0.0       0.0       0.0       0.0       0.0
       0.0       0.0       0.0       0.0       0.0       0.0

  TEMPERATURA DEL COMBUSTIBLE
CAN E1  
    367.08    374.92    376.79    376.26    373.10    367.94    363.57    359.77
    355.69    352.05    348.73    342.88    318.11    318.09
CAN D2
    391.80    398.66    398.01    393.05    386.93    372.46    366.11    361.36
    356.53    352.56    349.49    343.53    319.79    319.76
CAN F1  
    388.34    395.12    394.91    391.08    387.07    380.74    374.98    369.69
    364.03    359.50    356.28    348.80    321.03    321.04
CAN C3  
    405.77    410.36    408.61    402.15    395.35    380.31    373.34    367.79
    362.07    357.32    352.68    346.00    321.75    321.75
CAN E2  
    416.70    420.66    418.77    410.50    402.95    388.86    379.75    372.58
    365.64    361.20    360.14    351.85    322.89    322.89
CAN G1  
    407.04    412.00    410.71    404.98    400.40    393.57    386.57    379.78
    372.38    366.48    361.13    352.45    323.26    323.37
CAN B4  
    403.01    407.38    406.06    400.60    395.50    387.63    381.09    374.98
    368.35    362.79    356.49    348.71    322.74    322.80
CAN D3  
    435.41    438.60    434.99    424.07    413.16    382.86    373.45    366.93
    360.73    356.43    353.98    347.45    323.35    323.32
CAN F2  
    424.73    427.79    425.33    416.96    410.41    400.48    391.24    382.95
    374.51    368.75    367.25    357.57    324.42    324.61
CAN H1
    407.91    412.74    411.55    405.99    401.60    395.01    388.17    381.32
    373.66    367.34    360.13    351.45    323.63    323.76
CAN A5  
    383.66    390.92    390.70    387.57    384.68    380.22    375.75    371.02
    365.45    360.35    354.17    346.72    321.94    322.03
CAN C4
    431.23    433.68    430.28    421.09    412.69    399.79    389.97    381.75
    373.59    367.61    362.72    354.13    324.72    324.82
CAN E3  
    434.25    435.84    431.83    421.16    412.02    395.87    385.25    376.80
    368.94    364.35    368.33    359.08    324.99    325.10
CAN G2  
    445.12    448.93    445.57    435.11    427.42    416.25    405.01    394.55
    383.71    375.99    369.39    359.04    325.82    325.96
CAN I1  
    383.66    390.92    390.70    387.57    384.68    380.22    375.75    371.02
    365.45    360.35    354.17    346.72    321.94    322.03
CAN B5  
    449.15    454.29    451.16    440.04    431.87    419.75    407.87    396.84
    385.22    376.82    367.26    356.92    325.88    325.98
CAN D4  
    450.32    451.15    445.75    433.13    422.04    400.49    388.86    379.89
    371.47    366.17    364.59    356.16    325.65    325.76
CAN F3  
    451.27    452.58    447.66    435.55    426.40    413.14    400.96    390.31
    379.87    373.29    371.72    361.59    325.86    325.97
CAN H2  
    449.15    454.29    451.16    440.04    431.87    419.75    407.87    396.84
    385.22    376.82    367.26    356.92    325.88    325.98
CAN A6  
    407.91    412.74    411.55    405.99    401.60    395.01    388.17    381.32
    373.66    367.34    360.13    351.45    323.63    323.76
CAN C5  
    446.49    448.93    444.39    432.64    423.49    410.57    398.59    388.00
    377.68    371.11    373.31    362.92    326.08    326.25
CAN E4
    423.13    419.57    414.70    406.10    398.59    387.17    378.76    371.90
    365.09    360.60    358.80    352.27    324.28    324.48
CAN G3  
    446.49    448.93    444.39    432.64    423.49    410.57    398.59    388.00
    377.68    371.11    373.31    362.92    326.08    326.25
CAN I2  
    403.01    407.38    406.06    400.60    395.50    387.63    381.09    374.98
    368.35    362.79    356.49    348.71    322.74    322.80
CAN B6  
    445.12    448.93    445.57    435.11    427.42    416.25    405.01    394.55
    383.71    375.99    369.39    359.04    325.82    325.96
CAN D5  
    457.75    455.54    448.51    434.84    424.03    407.72    395.09    384.86
    375.24    369.39    368.91    359.86    326.02    326.12
CAN F4  
    457.75    455.54    448.51    434.84    424.03    407.72    395.09    384.86
    375.24    369.39    368.91    359.86    326.02    326.12
CAN H3  
    431.23    433.68    430.28    421.09    412.69    399.79    389.97    381.75
    373.59    367.61    362.72    354.13    324.72    324.82
CAN A7  
    407.04    412.00    410.71    404.98    400.40    393.57    386.57    379.78
    372.38    366.48    361.13    352.45    323.26    323.37
CAN C6  
    451.27    452.58    447.66    435.55    426.40    413.14    400.96    390.31
    379.87    373.29    371.72    361.59    325.86    325.97
CAN E5  
    443.53    439.47    432.48    420.16    409.49    375.96    367.29    361.43
    355.90    352.55    349.13    344.13    323.91    324.02
CAN G4
    450.32    451.15    445.75    433.13    422.04    400.49    388.86    379.89
    371.47    366.17    364.59    356.16    325.65    325.76
CAN I3  
    405.77    410.36    408.61    402.15    395.35    380.31    373.34    367.79
    362.07    357.32    352.68    346.00    321.75    321.75
CAN B7  
    424.73    427.79    425.33    416.96    410.41    400.48    391.24    382.95
    374.51    368.75    367.25    357.57    324.42    324.61
CAN D6  
    423.13    419.57    414.70    406.10    398.59    387.17    378.76    371.90
    365.09    360.60    358.80    352.27    324.28    324.48
CAN F5  
    423.13    419.57    414.70    406.10    398.59    387.17    378.76    371.90
    365.09    360.60    358.80    352.27    324.28    324.48
CAN H4  
    435.41    438.60    434.99    424.07    413.16    382.86    373.45    366.93
    360.73    356.43    353.98    347.45    323.35    323.32
CAN A8  
    388.34    395.12    394.91    391.08    387.07    380.74    374.98    369.69
    364.03    359.50    356.28    348.80    321.03    321.04
CAN C7  
    434.25    435.84    431.83    421.16    412.02    395.87    385.25    376.80
    368.94    364.35    368.33    359.08    324.99    325.10
CAN E6  
    457.75    455.54    448.51    434.84    424.03    407.72    395.09    384.86
    375.24    369.39    368.91    359.86    326.02    326.12
CAN G5  
    434.25    435.84    431.83    421.16    412.02    395.87    385.25    376.80
    368.94    364.35    368.33    359.08    324.99    325.10
CAN I4
    391.80    398.66    398.01    393.05    386.93    372.46    366.11    361.36
    356.53    352.56    349.49    343.53    319.79    319.76
CAN B8  
    416.70    420.66    418.77    410.50    402.95    388.86    379.75    372.58
    365.64    361.20    360.14    351.85    322.89    322.89
CAN D7  
    450.32    451.15    445.75    433.13    422.04    400.49    388.86    379.89
    371.47    366.17    364.59    356.16    325.65    325.76
CAN F6  
    451.27    452.58    447.66    435.55    426.40    413.14    400.96    390.31
    379.87    373.29    371.72    361.59    325.86    325.97
CAN H5  
    416.70    420.66    418.77    410.50    402.95    388.86    379.75    372.58
    365.64    361.20    360.14    351.85    322.89    322.89
CAN A9  
    367.08    374.92    376.79    376.26    373.10    367.94    363.57    359.77
    355.69    352.05    348.73    342.88    318.11    318.09
CAN C8  
    435.41    438.60    434.99    424.07    413.16    382.86    373.45    366.93
    360.73    356.43    353.98    347.45    323.35    323.32
CAN E7  
    446.49    448.93    444.39    432.64    423.49    410.57    398.59    388.00
    377.68    371.11    373.31    362.92    326.08    326.25
CAN G6  
    424.73    427.79    425.33    416.96    410.41    400.48    391.24    382.95
    374.51    368.75    367.25    357.57    324.42    324.61
CAN I5  
    367.08    374.92    376.79    376.26    373.10    367.94    363.57    359.77
    355.69    352.05    348.73    342.88    318.11    318.09
CAN B9
    391.80    398.66    398.01    393.05    386.93    372.46    366.11    361.36
    356.53    352.56    349.49    343.53    319.79    319.76
CAN D8  
    431.23    433.68    430.28    421.09    412.69    399.79    389.97    381.75
    373.59    367.61    362.72    354.13    324.72    324.82
CAN F7  
    445.12    448.93    445.57    435.11    427.42    416.25    405.01    394.55
    383.71    375.99    369.39    359.04    325.82    325.96
CAN H6  
    388.34    395.12    394.91    391.08    387.07    380.74    374.98    369.69
    364.03    359.50    356.28    348.80    321.03    321.04
CAN C9  
    405.77    410.36    408.61    402.15    395.35    380.31    373.34    367.79
    362.07    357.32    352.68    346.00    321.75    321.75
CAN E8  
    449.15    454.29    451.16    440.04    431.87    419.75    407.87    396.84
    385.22    376.82    367.26    356.92    325.88    325.98
CAN G7  
    407.04    412.00    410.71    404.98    400.40    393.57    386.57    379.78
    372.38    366.48    361.13    352.45    323.26    323.37
CAN D9  
    403.01    407.38    406.06    400.60    395.50    387.63    381.09    374.98
    368.35    362.79    356.49    348.71    322.74    322.80
CAN F8  
    407.91    412.74    411.55    405.99    401.60    395.01    388.17    381.32
    373.66    367.34    360.13    351.45    323.63    323.76
CAN E9  
    383.66    390.92    390.70    387.57    384.68    380.22    375.75    371.02
    365.45    360.35    354.17    346.72    321.94    322.03

 TEMPERATURA DEL REFRIGERANTE
CAN E1  
    289.26    292.05    295.05    298.13    301.09    303.95    306.60    309.07
    311.33    313.34    315.15    316.77    318.07    318.09
CAN D2
    290.66    294.21    297.88    301.50    304.78    307.77    310.24    312.41
    314.33    315.98    317.43    318.72    319.75    319.75
CAN F1  
    290.59    294.00    297.53    301.05    304.30    307.31    310.05    312.53
    314.75    316.65    318.32    319.78    320.95    321.03
CAN C3  
    291.39    295.35    299.38    303.27    306.74    309.84    312.40    314.62
    316.53    318.15    319.53    320.71    321.66    321.72
CAN E2  
    292.40    296.59    300.81    304.90    308.41    311.44    313.93    316.09
    317.91    319.39    320.65    321.80    322.78    322.89
CAN G1  
    291.57    295.57    299.62    303.51    307.03    310.22    313.07    315.57
    317.71    319.47    320.94    322.15    323.12    323.30
CAN B4  
    291.12    294.98    298.90    302.72    306.19    309.38    312.21    314.74
    316.91    318.73    320.27    321.54    322.59    322.73
CAN D3  
    293.59    298.48    303.20    307.56    311.23    314.32    316.51    318.24
    319.68    320.84    321.80    322.62    323.29    323.33
CAN F2  
    293.24    297.74    302.12    306.27    309.88    312.99    315.64    317.88
    319.76    321.25    322.45    323.45    324.24    324.47
CAN H1  
    291.42    295.46    299.55    303.47    307.03    310.32    313.27    315.87
    318.05    319.84    321.31    322.49    323.47    323.67
CAN A5  
    289.93    293.21    296.67    300.15    303.49    306.72    309.75    312.56
    315.01    317.12    318.94    320.45    321.80    321.95
CAN C4
    293.42    298.20    302.79    307.05    310.72    313.86    316.47    318.64
    320.40    321.81    322.93    323.83    324.53    324.73
CAN E3  
    294.85    299.62    304.20    308.32    311.84    314.84    317.24    319.20
    320.81    322.09    323.12    324.01    324.71    324.97
CAN G2  
    294.18    299.42    304.40    308.90    312.72    315.96    318.63    320.78
    322.44    323.66    324.56    325.20    325.65    325.84
CAN I1  
    289.93    293.21    296.67    300.15    303.49    306.72    309.75    312.56
    315.01    317.12    318.94    320.45    321.80    321.95
CAN B5  
    293.94    299.37    304.45    309.06    312.92    316.19    318.89    321.09
    322.73    323.90    324.73    325.33    325.75    325.91
CAN D4  
    295.54    300.88    305.75    310.12    313.81    316.88    319.24    321.07
    322.50    323.59    324.40    325.02    325.48    325.67
CAN F3  
    295.68    301.00    305.88    310.26    313.96    317.03    319.50    321.42
    322.89    323.95    324.73    325.29    325.70    325.87
CAN H2  
    293.94    299.37    304.45    309.06    312.92    316.19    318.89    321.09
    322.73    323.90    324.73    325.33    325.75    325.91
CAN A6  
    291.42    295.46    299.55    303.47    307.03    310.32    313.27    315.87
    318.05    319.84    321.31    322.49    323.47    323.67
CAN C5  
    295.43    300.71    305.61    310.00    313.78    316.97    319.56    321.59
    323.14    324.27    325.05    325.59    325.95    326.12
CAN E4
    295.85    300.14    304.16    307.79    310.99    313.80    316.16    318.15
    319.77    321.12    322.26    323.24    324.05    324.30
CAN G3  
    295.43    300.71    305.61    310.00    313.78    316.97    319.56    321.59
    323.14    324.27    325.05    325.59    325.95    326.12
CAN I2  
    291.12    294.98    298.90    302.72    306.19    309.38    312.21    314.74
    316.91    318.73    320.27    321.54    322.59    322.73
CAN B6  
    294.18    299.42    304.40    308.90    312.72    315.96    318.63    320.78
    322.44    323.66    324.56    325.20    325.65    325.84
CAN D5  
    296.55    302.01    306.91    311.24    314.88    317.89    320.25    322.06
    323.42    324.40    325.09    325.58    325.91    326.07
CAN F4  
    296.55    302.01    306.91    311.24    314.88    317.89    320.25    322.06
    323.42    324.40    325.09    325.58    325.91    326.07
CAN H3  
    293.42    298.20    302.79    307.05    310.72    313.86    316.47    318.64
    320.40    321.81    322.93    323.83    324.53    324.73
CAN A7  
    291.57    295.57    299.62    303.51    307.03    310.22    313.07    315.57
    317.71    319.47    320.94    322.15    323.12    323.30
CAN C6  
    295.68    301.00    305.88    310.26    313.96    317.03    319.50    321.42
    322.89    323.95    324.73    325.29    325.70    325.87
CAN E5  
    295.21    300.37    305.03    309.12    312.61    315.56    317.61    319.20
    320.47    321.51    322.40    323.15    323.81    323.93
CAN G4
    295.54    300.88    305.75    310.12    313.81    316.88    319.24    321.07
    322.50    323.59    324.40    325.02    325.48    325.67
CAN I3  
    291.39    295.35    299.38    303.27    306.74    309.84    312.40    314.62
    316.53    318.15    319.53    320.71    321.66    321.72
CAN B7  
    293.24    297.74    302.12    306.27    309.88    312.99    315.64    317.88
    319.76    321.25    322.45    323.45    324.24    324.47
CAN D6  
    295.85    300.14    304.16    307.79    310.99    313.80    316.16    318.15
    319.77    321.12    322.26    323.24    324.05    324.30
CAN F5  
    295.85    300.14    304.16    307.79    310.99    313.80    316.16    318.15
    319.77    321.12    322.26    323.24    324.05    324.30
CAN H4  
    293.59    298.48    303.20    307.56    311.23    314.32    316.51    318.24
    319.68    320.84    321.80    322.62    323.29    323.33
CAN A8  
    290.59    294.00    297.53    301.05    304.30    307.31    310.05    312.53
    314.75    316.65    318.32    319.78    320.95    321.03
CAN C7  
    294.85    299.62    304.20    308.32    311.84    314.84    317.24    319.20
    320.81    322.09    323.12    324.01    324.71    324.97
CAN E6  
    296.55    302.01    306.91    311.24    314.88    317.89    320.25    322.06
    323.42    324.40    325.09    325.58    325.91    326.07
CAN G5  
    294.85    299.62    304.20    308.32    311.84    314.84    317.24    319.20
    320.81    322.09    323.12    324.01    324.71    324.97
CAN I4
    290.66    294.21    297.88    301.50    304.78    307.77    310.24    312.41
    314.33    315.98    317.43    318.72    319.75    319.75
CAN B8  
    292.40    296.59    300.81    304.90    308.41    311.44    313.93    316.09
    317.91    319.39    320.65    321.80    322.78    322.89
CAN D7  
    295.54    300.88    305.75    310.12    313.81    316.88    319.24    321.07
    322.50    323.59    324.40    325.02    325.48    325.67
CAN F6  
    295.68    301.00    305.88    310.26    313.96    317.03    319.50    321.42
    322.89    323.95    324.73    325.29    325.70    325.87
CAN H5  
    292.40    296.59    300.81    304.90    308.41    311.44    313.93    316.09
    317.91    319.39    320.65    321.80    322.78    322.89
CAN A9  
    289.26    292.05    295.05    298.13    301.09    303.95    306.60    309.07
    311.33    313.34    315.15    316.77    318.07    318.09
CAN C8  
    293.59    298.48    303.20    307.56    311.23    314.32    316.51    318.24
    319.68    320.84    321.80    322.62    323.29    323.33
CAN E7  
    295.43    300.71    305.61    310.00    313.78    316.97    319.56    321.59
    323.14    324.27    325.05    325.59    325.95    326.12
CAN G6  
    293.24    297.74    302.12    306.27    309.88    312.99    315.64    317.88
    319.76    321.25    322.45    323.45    324.24    324.47
CAN I5  
    289.26    292.05    295.05    298.13    301.09    303.95    306.60    309.07
    311.33    313.34    315.15    316.77    318.07    318.09
CAN B9
    290.66    294.21    297.88    301.50    304.78    307.77    310.24    312.41
    314.33    315.98    317.43    318.72    319.75    319.75
CAN D8  
    293.42    298.20    302.79    307.05    310.72    313.86    316.47    318.64
    320.40    321.81    322.93    323.83    324.53    324.73
CAN F7  
    294.18    299.42    304.40    308.90    312.72    315.96    318.63    320.78
    322.44    323.66    324.56    325.20    325.65    325.84
CAN H6  
    290.59    294.00    297.53    301.05    304.30    307.31    310.05    312.53
    314.75    316.65    318.32    319.78    320.95    321.03
CAN C9  
    291.39    295.35    299.38    303.27    306.74    309.84    312.40    314.62
    316.53    318.15    319.53    320.71    321.66    321.72
CAN E8  
    293.94    299.37    304.45    309.06    312.92    316.19    318.89    321.09
    322.73    323.90    324.73    325.33    325.75    325.91
CAN G7  
    291.57    295.57    299.62    303.51    307.03    310.22    313.07    315.57
    317.71    319.47    320.94    322.15    323.12    323.30
CAN D9  
    291.12    294.98    298.90    302.72    306.19    309.38    312.21    314.74
    316.91    318.73    320.27    321.54    322.59    322.73
CAN F8  
    291.42    295.46    299.55    303.47    307.03    310.32    313.27    315.87
    318.05    319.84    321.31    322.49    323.47    323.67
CAN E9  
    289.93    293.21    296.67    300.15    303.49    306.72    309.75    312.56
    315.01    317.12    318.94    320.45    321.80    321.95

 DENSIDAD DEL REFRIGERANTE
CAN E1  
    745.82    739.57    732.66    725.37    718.19    711.09    704.40    698.06
    692.22    686.96    682.18    677.78    673.90    674.18
CAN D2
    742.67    734.56    725.87    716.54    707.58    699.00    693.87    688.61
    683.63    679.24    675.19    671.26    668.45    668.98
CAN F1  
    742.83    735.06    726.75    718.22    710.00    701.43    693.61    686.20
    679.42    673.59    668.13    662.21    657.83    660.32
CAN C3  
    741.05    731.93    722.31    712.22    702.30    692.78    686.85    680.84
    675.21    670.03    665.11    660.72    657.77    659.64
CAN E2  
    738.79    729.05    718.89    708.70    699.14    689.10    682.22    675.63
    669.53    664.69    659.77    652.93    649.35    653.36
CAN G1  
    740.63    731.40    721.45    710.63    700.39    689.84    679.95    670.32
    661.19    653.28    645.75    638.30    632.74    637.44
CAN B4  
    741.65    732.79    722.98    712.98    703.20    693.49    684.79    676.47
    669.03    661.93    654.96    648.96    644.33    647.47
CAN D3  
    736.04    724.17    710.83    696.30    683.02    670.76    667.79    663.82
    659.15    655.19    651.27    646.61    643.86    646.19
CAN F2  
    736.83    726.28    714.43    702.19    690.97    678.99    668.32    658.44
    649.00    641.23    633.47    623.40    616.81    622.88
CAN H1  
    740.97    731.64    721.13    709.58    698.69    687.85    677.62    667.25
    657.39    648.51    639.92    632.40    625.82    630.66
CAN A5  
    744.31    736.92    728.81    720.42    712.17    704.00    696.21    688.31
    681.60    674.91    668.23    662.82    656.03    658.86
CAN C4
    736.43    725.18    712.17    699.05    686.32    673.60    663.08    653.13
    643.63    635.09    626.37    617.18    610.46    615.63
CAN E3  
    733.13    721.68    709.59    695.12    682.22    670.01    661.56    653.86
    646.45    640.21    633.48    621.59    613.27    619.51
CAN G2  
    734.67    721.49    706.13    688.74    672.82    656.68    641.49    627.02
    611.86    598.56    585.88    573.69    565.97    570.17
CAN I1  
    744.31    736.92    728.81    720.42    712.17    704.00    696.21    688.31
    681.60    674.91    668.23    662.82    656.03    658.86
CAN B5  
    735.25    722.40    705.27    686.96    670.72    654.28    638.81    623.70
    609.20    596.53    583.65    571.66    564.85    570.58
CAN D4  
    731.52    718.03    701.15    683.70    668.12    653.16    643.63    634.69
    625.16    616.63    607.70    596.70    588.85    593.46
CAN F3  
    731.20    717.20    700.24    682.44    666.38    650.27    635.80    622.47
    608.05    595.62    583.68    569.95    560.72    564.31
CAN H2  
    735.25    722.40    705.27    686.96    670.72    654.28    638.81    623.70
    609.20    596.53    583.65    571.66    564.85    570.58
CAN A6  
    740.97    731.64    721.13    709.58    698.69    687.85    677.62    667.25
    657.39    648.51    639.92    632.40    625.82    630.66
CAN C5  
    731.78    718.90    702.27    684.66    668.43    651.94    636.73    622.27
    607.30    592.26    576.54    557.53    543.85    542.45
CAN E4
    730.79    720.51    710.56    700.29    690.42    680.42    672.38    664.88
    658.55    652.69    646.42    638.35    631.29    636.23
CAN G3  
    731.78    718.90    702.27    684.66    668.43    651.94    636.73    622.27
    607.30    592.26    576.54    557.53    543.85    542.45
CAN I2  
    741.65    732.79    722.98    712.98    703.20    693.49    684.79    676.47
    669.03    661.93    654.96    648.96    644.33    647.47
CAN B6  
    734.67    721.49    706.13    688.74    672.82    656.68    641.49    627.02
    611.86    598.56    585.88    573.69    565.97    570.17
CAN D5  
    729.15    713.80    695.89    677.87    661.55    645.33    631.94    619.84
    607.45    596.19    584.66    570.81    560.84    563.93
CAN F4  
    729.15    713.80    695.89    677.87    661.55    645.33    631.94    619.84
    607.45    596.19    584.66    570.81    560.84    563.93
CAN H3  
    736.43    725.18    712.17    699.05    686.32    673.60    663.08    653.13
    643.63    635.09    626.37    617.18    610.46    615.63
CAN A7  
    740.63    731.40    721.45    710.63    700.39    689.84    679.95    670.32
    661.19    653.28    645.75    638.30    632.74    637.44
CAN C6  
    731.20    717.20    700.24    682.44    666.38    650.27    635.80    622.47
    608.05    595.62    583.68    569.95    560.72    564.31
CAN E5  
    732.28    719.88    706.17    691.77    678.94    666.98    665.98    663.45
    660.34    657.25    653.57    649.62    645.07    648.09
CAN G4
    731.52    718.03    701.15    683.70    668.12    653.16    643.63    634.69
    625.16    616.63    607.70    596.70    588.85    593.46
CAN I3  
    741.05    731.93    722.31    712.22    702.30    692.78    686.85    680.84
    675.21    670.03    665.11    660.72    657.77    659.64
CAN B7  
    736.83    726.28    714.43    702.19    690.97    678.99    668.32    658.44
    649.00    641.23    633.47    623.40    616.81    622.88
CAN D6  
    730.79    720.51    710.56    700.29    690.42    680.42    672.38    664.88
    658.55    652.69    646.42    638.35    631.29    636.23
CAN F5  
    730.79    720.51    710.56    700.29    690.42    680.42    672.38    664.88
    658.55    652.69    646.42    638.35    631.29    636.23
CAN H4  
    736.04    724.17    710.83    696.30    683.02    670.76    667.79    663.82
    659.15    655.19    651.27    646.61    643.86    646.19
CAN A8  
    742.83    735.06    726.75    718.22    710.00    701.43    693.61    686.20
    679.42    673.59    668.13    662.21    657.83    660.32
CAN C7  
    733.13    721.68    709.59    695.12    682.22    670.01    661.56    653.86
    646.45    640.21    633.48    621.59    613.27    619.51
CAN E6  
    729.15    713.80    695.89    677.87    661.55    645.33    631.94    619.84
    607.45    596.19    584.66    570.81    560.84    563.93
CAN G5  
    733.13    721.68    709.59    695.12    682.22    670.01    661.56    653.86
    646.45    640.21    633.48    621.59    613.27    619.51
CAN I4
    742.67    734.56    725.87    716.54    707.58    699.00    693.87    688.61
    683.63    679.24    675.19    671.26    668.45    668.98
CAN B8  
    738.79    729.05    718.89    708.70    699.14    689.10    682.22    675.63
    669.53    664.69    659.77    652.93    649.35    653.36
CAN D7  
    731.52    718.03    701.15    683.70    668.12    653.16    643.63    634.69
    625.16    616.63    607.70    596.70    588.85    593.46
CAN F6  
    731.20    717.20    700.24    682.44    666.38    650.27    635.80    622.47
    608.05    595.62    583.68    569.95    560.72    564.31
CAN H5  
    738.79    729.05    718.89    708.70    699.14    689.10    682.22    675.63
    669.53    664.69    659.77    652.93    649.35    653.36
CAN A9  
    745.82    739.57    732.66    725.37    718.19    711.09    704.40    698.06
    692.22    686.96    682.18    677.78    673.90    674.18
CAN C8  
    736.04    724.17    710.83    696.30    683.02    670.76    667.79    663.82
    659.15    655.19    651.27    646.61    643.86    646.19
CAN E7  
    731.78    718.90    702.27    684.66    668.43    651.94    636.73    622.27
    607.30    592.26    576.54    557.53    543.85    542.45
CAN G6  
    736.83    726.28    714.43    702.19    690.97    678.99    668.32    658.44
    649.00    641.23    633.47    623.40    616.81    622.88
CAN I5  
    745.82    739.57    732.66    725.37    718.19    711.09    704.40    698.06
    692.22    686.96    682.18    677.78    673.90    674.18
CAN B9
    742.67    734.56    725.87    716.54    707.58    699.00    693.87    688.61
    683.63    679.24    675.19    671.26    668.45    668.98
CAN D8  
    736.43    725.18    712.17    699.05    686.32    673.60    663.08    653.13
    643.63    635.09    626.37    617.18    610.46    615.63
CAN F7  
    734.67    721.49    706.13    688.74    672.82    656.68    641.49    627.02
    611.86    598.56    585.88    573.69    565.97    570.17
CAN H6  
    742.83    735.06    726.75    718.22    710.00    701.43    693.61    686.20
    679.42    673.59    668.13    662.21    657.83    660.32
CAN C9  
    741.05    731.93    722.31    712.22    702.30    692.78    686.85    680.84
    675.21    670.03    665.11    660.72    657.77    659.64
CAN E8  
    735.25    722.40    705.27    686.96    670.72    654.28    638.81    623.70
    609.20    596.53    583.65    571.66    564.85    570.58
CAN G7  
    740.63    731.40    721.45    710.63    700.39    689.84    679.95    670.32
    661.19    653.28    645.75    638.30    632.74    637.44
CAN D9  
    741.65    732.79    722.98    712.98    703.20    693.49    684.79    676.47
    669.03    661.93    654.96    648.96    644.33    647.47
CAN F8  
    740.97    731.64    721.13    709.58    698.69    687.85    677.62    667.25
    657.39    648.51    639.92    632.40    625.82    630.66
CAN E9  
    744.31    736.92    728.81    720.42    712.17    704.00    696.21    688.31
    681.60    674.91    668.23    662.82    656.03    658.86

