
*********************************************************************
Dimensiones de la red:

Geometría triangular

Dirección X:  76 planos
Dirección Y:  45 planos
Dirección Z:  25 planos

Condiciones de contorno:
Izquierda:flujo nulo
  Derecha:flujo nulo
    Atrás:flujo nulo
 Adelante:flujo nulo
    Abajo:flujo nulo
   Arriba:flujo nulo

 417 regiones   5 grupos

para un reticulado de representación de 124  canales y  18 trozos

Coberturas máximas:
Radial: 60
 Axial:  4

  3300 Celdillas en el plano X-Y ó R-FI


*********************************************************************
Pasos de la red de cálculo

 X delta
   2.667    2   2.667    3   2.667    4   2.667    5   2.667    6   2.667    7
   2.667    8   2.667    9   2.667   10   2.667   11   2.667   12   2.667   13
   2.667   14   2.667   15   2.667   16   2.667   17   2.667   18   2.667   19
   2.667   20   2.667   21   2.667   22   2.667   23   2.667   24   2.667   25
   2.667   26   2.667   27   2.667   28   2.667   29   2.667   30   2.667   31
   2.667   32   2.667   33   2.667   34   2.667   35   2.667   36   2.667   37
   2.667   38   2.667   39   2.667   40   2.667   41   2.667   42   2.667   43
   2.667   44   2.667   45   2.667   46   2.667   47   2.667   48   2.667   49
   2.667   50   2.667   51   2.667   52   2.667   53   2.667   54   2.667   55
   2.667   56   2.667   57   2.667   58   2.667   59   2.667   60   2.667   61
   2.667   62   2.667   63   2.667   64   2.667   65   2.667   66   2.667   67
   2.667   68   2.667   69   2.667   70   2.667   71   2.667   72   2.667   73
   2.667   74   2.667   75   2.667   76

 X distancias
    1   0.000    2   2.667    3   5.333    4   8.000    5  10.667    6  13.333
    7  16.000    8  18.667    9  21.333   10  24.000   11  26.667   12  29.333
   13  32.000   14  34.667   15  37.333   16  40.000   17  42.667   18  45.333
   19  48.000   20  50.667   21  53.333   22  56.000   23  58.667   24  61.333
   25  64.000   26  66.667   27  69.333   28  72.000   29  74.667   30  77.333
   31  80.000   32  82.667   33  85.333   34  88.000   35  90.667   36  93.333
   37  96.000   38  98.667   39 101.333   40 104.000   41 106.667   42 109.333
   43 112.000   44 114.667   45 117.333   46 120.000   47 122.667   48 125.333
   49 128.000   50 130.667   51 133.333   52 136.000   53 138.667   54 141.333
   55 144.000   56 146.667   57 149.333   58 152.000   59 154.667   60 157.333
   61 160.000   62 162.667   63 165.333   64 168.000   65 170.667   66 173.333
   67 176.000   68 178.667   69 181.333   70 184.000   71 186.667   72 189.333
   73 192.000   74 194.667   75 197.333   76 200.000



 Y delta
   2.667    2   2.667    3   2.667    4   2.667    5   2.667    6   2.667    7
   2.667    8   2.667    9   2.667   10   2.667   11   2.667   12   2.667   13
   2.667   14   2.667   15   2.667   16   2.667   17   2.667   18   2.667   19
   2.667   20   2.667   21   2.667   22   2.667   23   2.667   24   2.667   25
   2.667   26   2.667   27   2.667   28   2.667   29   2.667   30   2.667   31
   2.667   32   2.667   33   2.667   34   2.667   35   2.667   36   2.667   37
   2.667   38   2.667   39   2.667   40   2.667   41   2.667   42   2.667   43
   2.667   44   2.667   45

 Y distancias
    1   0.000    2   2.667    3   5.333    4   8.000    5  10.667    6  13.333
    7  16.000    8  18.667    9  21.333   10  24.000   11  26.667   12  29.333
   13  32.000   14  34.667   15  37.333   16  40.000   17  42.667   18  45.333
   19  48.000   20  50.667   21  53.333   22  56.000   23  58.667   24  61.333
   25  64.000   26  66.667   27  69.333   28  72.000   29  74.667   30  77.333
   31  80.000   32  82.667   33  85.333   34  88.000   35  90.667   36  93.333
   37  96.000   38  98.667   39 101.333   40 104.000   41 106.667   42 109.333
   43 112.000   44 114.667   45 117.333



 Z delta
  10.000    2   2.500    3   2.500    4   2.500    5   2.500    6  10.000    7
  10.000    8  10.000    9  10.000   10  10.000   11  10.000   12  10.000   13
  10.000   14  10.000   15  10.000   16  10.000   17  10.000   18  10.000   19
  10.000   20   2.500   21   2.500   22   2.500   23   2.500   24  10.000   25

 Z distancias
    1   0.000    2  10.000    3  12.500    4  15.000    5  17.500    6  20.000
    7  30.000    8  40.000    9  50.000   10  60.000   11  70.000   12  80.000
   13  90.000   14 100.000   15 110.000   16 120.000   17 130.000   18 140.000
   19 150.000   20 160.000   21 162.500   22 165.000   23 167.500   24 170.000
   25 180.000





*********************************************************************
Mapa de las regiones sobre las celdillas




---------------------------------------------------------------------
      fila  1 A 30    columna  1 A 30

      1   2   3   4   5   6   7   8   9  10  11  12  13  14  15  16  17  18  19  20  21  22  23  24  25  26  27  28  29  30

  1  336 336 336 336 336 336 336 336 336 336 336 336 336 336 336 336 336 336 336 336 336 336 336 336 336 336 336 336 336 336   1
  2  336 336 336 336 336 336 336 336 336 336 336 336 336 336 336 336 336 336 336 336 336 336 336 336 336 336 336 336 336 336   2
  3  337 337 337 337 337 337 337 337 337 337 337 337 337 337 337 337 337 337 337 337 337 337 337 337 337 337 337 337 337 337   3
  4  339 339 339 339 339 339 339 339 339 339 339 339 339 339 339 339 339 339 339 339 339 339 339 339 339 339 339 339 259 259   4
  5  341 341 341 341 341 341 341 341 341 341 341 341 341 341 341 341 341 341 341 341 341 341 341 261 261 261 261 261 261 261   5
  6  343 343 343 343 343 343 343 343 343 343 343 343 343 343 343 343 343 343 343 343 263 263 263 263 263 263 263 263 187 187   6
  7  345 345 345 345 345 345 345 345 345 345 345 345 345 345 345 345 345 265 265 265 265 265 265 265 265 265 265 189 189   4   7
  8  347 347 347 347 347 347 347 347 347 347 347 347 347 347 347 347 267 267 267 267 267 267 191 191 191 191 191 191   5   5   8
  9  349 349 349 349 349 349 349 349 349 349 349 349 349 269 269 269 269 269 269 269 269 193 193  10  10  10  10  10   5   5   9
 10  351 351 351 351 351 351 351 351 351 351 351 351 271 271 271 271 195 195 195 195 195 195  11  11  11  11  11  11  11   6  10
 11  353 353 353 353 353 353 353 353 353 353 353 273 273 273 273 197 197  19  19  19  19  19  11  11  11  11  11  11  11  22  11
 12  355 355 355 355 355 355 355 355 275 275 199 199 199 199 199 199  20  20  20  20  20  20  20  12  12  12  12  12  23  23  12
 13  357 357 357 357 357 357 357 277 277 201 201  31  31  31  31  31  20  20  20  20  20  20  20  34  34  34  34  34  23  23  13
 14  359 359 359 359 359 359 359 279 203 203  32  32  32  32  32  32  32  21  21  21  21  21  35  35  35  35  35  35  35  24  14
 15  361 361 361 361 361 361 361 281 205 205  32  32  32  32  32  32  32  46  46  46  46  46  35  35  35  35  35  35  35  49  15
 16  363 363 363 363 363 363 283 283 283 207 207  33  33  33  33  33  47  47  47  47  47  47  47  36  36  36  36  36  50  50  16
 17  365 365 365 365 365 285 285 285 285 209 209  58  58  58  58  58  47  47  47  47  47  47  47  61  61  61  61  61  50  50  17
 18  367 367 367 367 367 287 287 287 211 211  59  59  59  59  59  59  59  48  48  48  48  48  62  62  62  62  62  62  62  51  18
 19  369 369 369 369 369 289 289 289 213 213  59  59  59  59  59  59  59  73  73  73  73  73  62  62  62  62  62  62  62  76  19
 20  371 371 371 371 291 291 291 291 291 215 215  60  60  60  60  60  74  74  74  74  74  74  74  63  63  63  63  63  77  77  20
 21  373 373 373 373 293 293 293 293 293 217 217  85  85  85  85  85  74  74  74  74  74  74  74  88  88  88  88  88  77  77  21
 22  375 375 375 375 295 295 295 295 219 219  86  86  86  86  86  86  86  75  75  75  75  75  89  89  89  89  89  89  89  78  22
 23  377 377 377 377 297 297 297 297 221 221  86  86  86  86  86  86  86 100 100 100 100 100  89  89  89  89  89  89  89 103  23
 24  379 379 379 379 299 299 299 299 299 223 223  87  87  87  87  87 101 101 101 101 101 101 101  90  90  90  90  90 104 104  24
 25  381 381 381 381 301 301 301 301 301 225 225 112 112 112 112 112 101 101 101 101 101 101 101 115 115 115 115 115 104 104  25
 26  383 383 383 383 383 303 303 303 227 227 113 113 113 113 113 113 113 102 102 102 102 102 116 116 116 116 116 116 116 105  26
 27  385 385 385 385 385 305 305 305 229 229 113 113 113 113 113 113 113 127 127 127 127 127 116 116 116 116 116 116 116 130  27
 28  387 387 387 387 387 307 307 307 307 231 231 114 114 114 114 114 128 128 128 128 128 128 128 117 117 117 117 117 131 131  28
 29  389 389 389 389 389 389 309 309 309 233 233 139 139 139 139 139 128 128 128 128 128 128 128 142 142 142 142 142 131 131  29
 30  391 391 391 391 391 391 391 311 235 235 140 140 140 140 140 140 140 129 129 129 129 129 143 143 143 143 143 143 143 132  30

      1   2   3   4   5   6   7   8   9  10  11  12  13  14  15  16  17  18  19  20  21  22  23  24  25  26  27  28  29  30


---------------------------------------------------------------------
      fila  1 A 30    columna 31 A 60

     31  32  33  34  35  36  37  38  39  40  41  42  43  44  45  46  47  48  49  50  51  52  53  54  55  56  57  58  59  60

  1  336 336 336 336 336 336 336 336 336 336 336 336 336 336 336 336 336 336 336 336 336 336 336 336 336 336 336 336 336 336   1
  2  336 336 336 336 336 336 336 336 336 336 336 336 336 336 336 336 336 336 336 336 336 336 336 336 336 336 336 336 336 336   2
  3  337 337 337 337 337 258 258 258 258 258 338 338 338 338 338 338 338 338 338 338 338 338 338 338 338 338 338 338 338 338   3
  4  259 259 259 259 184 184 184 184 184 184 184 260 260 260 260 260 260 340 340 340 340 340 340 340 340 340 340 340 340 340   4
  5  261 261 261 185 185   1   1   1   1   1 186 186 262 262 262 262 262 262 262 262 262 262 342 342 342 342 342 342 342 342   5
  6  187 187 187 187   2   2   2   2   2   2   2 188 188 188 188 188 188 264 264 264 264 264 264 264 264 344 344 344 344 344   6
  7    4   4   4   4   2   2   2   2   2   2   2   7   7   7   7   7 190 190 266 266 266 266 266 266 266 266 266 266 346 346   7
  8    5   5   5   5   5   3   3   3   3   3   8   8   8   8   8   8   8 192 192 192 192 192 192 268 268 268 268 268 268 348   8
  9    5   5   5   5   5  13  13  13  13  13   8   8   8   8   8   8   8  16  16  16  16  16 194 194 270 270 270 270 270 270   9
 10    6   6   6   6  14  14  14  14  14  14  14   9   9   9   9   9  17  17  17  17  17  17  17 196 196 196 196 196 196 272  10
 11   22  22  22  22  14  14  14  14  14  14  14  25  25  25  25  25  17  17  17  17  17  17  17  28  28  28  28  28 198 198  11
 12   23  23  23  23  23  15  15  15  15  15  26  26  26  26  26  26  26  18  18  18  18  18  29  29  29  29  29  29  29 200  12
 13   23  23  23  23  23  37  37  37  37  37  26  26  26  26  26  26  26  40  40  40  40  40  29  29  29  29  29  29  29  43  13
 14   24  24  24  24  38  38  38  38  38  38  38  27  27  27  27  27  41  41  41  41  41  41  41  30  30  30  30  30  44  44  14
 15   49  49  49  49  38  38  38  38  38  38  38  52  52  52  52  52  41  41  41  41  41  41  41  55  55  55  55  55  44  44  15
 16   50  50  50  50  50  39  39  39  39  39  53  53  53  53  53  53  53  42  42  42  42  42  56  56  56  56  56  56  56  45  16
 17   50  50  50  50  50  64  64  64  64  64  53  53  53  53  53  53  53  67  67  67  67  67  56  56  56  56  56  56  56  70  17
 18   51  51  51  51  65  65  65  65  65  65  65  54  54  54  54  54  68  68  68  68  68  68  68  57  57  57  57  57  71  71  18
 19   76  76  76  76  65  65  65  65  65  65  65  79  79  79  79  79  68  68  68  68  68  68  68  82  82  82  82  82  71  71  19
 20   77  77  77  77  77  66  66  66  66  66  80  80  80  80  80  80  80  69  69  69  69  69  83  83  83  83  83  83  83  72  20
 21   77  77  77  77  77  91  91  91  91  91  80  80  80  80  80  80  80  94  94  94  94  94  83  83  83  83  83  83  83  97  21
 22   78  78  78  78  92  92  92  92  92  92  92  81  81  81  81  81  95  95  95  95  95  95  95  84  84  84  84  84  98  98  22
 23  103 103 103 103  92  92  92  92  92  92  92 106 106 106 106 106  95  95  95  95  95  95  95 109 109 109 109 109  98  98  23
 24  104 104 104 104 104  93  93  93  93  93 107 107 107 107 107 107 107  96  96  96  96  96 110 110 110 110 110 110 110  99  24
 25  104 104 104 104 104 118 118 118 118 118 107 107 107 107 107 107 107 121 121 121 121 121 110 110 110 110 110 110 110 124  25
 26  105 105 105 105 119 119 119 119 119 119 119 108 108 108 108 108 122 122 122 122 122 122 122 111 111 111 111 111 125 125  26
 27  130 130 130 130 119 119 119 119 119 119 119 133 133 133 133 133 122 122 122 122 122 122 122 136 136 136 136 136 125 125  27
 28  131 131 131 131 131 120 120 120 120 120 134 134 134 134 134 134 134 123 123 123 123 123 137 137 137 137 137 137 137 126  28
 29  131 131 131 131 131 145 145 145 145 145 134 134 134 134 134 134 134 148 148 148 148 148 137 137 137 137 137 137 137 151  29
 30  132 132 132 132 146 146 146 146 146 146 146 135 135 135 135 135 149 149 149 149 149 149 149 138 138 138 138 138 152 152  30

     31  32  33  34  35  36  37  38  39  40  41  42  43  44  45  46  47  48  49  50  51  52  53  54  55  56  57  58  59  60


---------------------------------------------------------------------
      fila  1 A 30    columna 61 A 75

     61  62  63  64  65  66  67  68  69  70  71  72  73  74  75

  1  336 336 336 336 336 336 336 336 336 336 336 336 336 336 336   1
  2  336 336 336 336 336 336 336 336 336 336 336 336 336 336 336   2
  3  338 338 338 338 338 338 338 338 338 338 338 338 338 338 338   3
  4  340 340 340 340 340 340 340 340 340 340 340 340 340 340 340   4
  5  342 342 342 342 342 342 342 342 342 342 342 342 342 342 342   5
  6  344 344 344 344 344 344 344 344 344 344 344 344 344 344 344   6
  7  346 346 346 346 346 346 346 346 346 346 346 346 346 346 346   7
  8  348 348 348 348 348 348 348 348 348 348 348 348 348 348 348   8
  9  270 270 350 350 350 350 350 350 350 350 350 350 350 350 350   9
 10  272 272 272 352 352 352 352 352 352 352 352 352 352 352 352  10
 11  274 274 274 274 354 354 354 354 354 354 354 354 354 354 354  11
 12  200 200 200 200 200 276 276 356 356 356 356 356 356 356 356  12
 13   43  43  43  43 202 202 278 278 358 358 358 358 358 358 358  13
 14   44  44  44  44  44 204 204 280 360 360 360 360 360 360 360  14
 15   44  44  44  44  44 206 206 282 362 362 362 362 362 362 362  15
 16   45  45  45  45 208 208 284 284 284 364 364 364 364 364 364  16
 17   70  70  70  70 210 210 286 286 286 286 366 366 366 366 366  17
 18   71  71  71  71  71 212 212 288 288 288 368 368 368 368 368  18
 19   71  71  71  71  71 214 214 290 290 290 370 370 370 370 370  19
 20   72  72  72  72 216 216 292 292 292 292 292 372 372 372 372  20
 21   97  97  97  97 218 218 294 294 294 294 294 374 374 374 374  21
 22   98  98  98  98  98 220 220 296 296 296 296 376 376 376 376  22
 23   98  98  98  98  98 222 222 298 298 298 298 378 378 378 378  23
 24   99  99  99  99 224 224 300 300 300 300 300 380 380 380 380  24
 25  124 124 124 124 226 226 302 302 302 302 302 382 382 382 382  25
 26  125 125 125 125 125 228 228 304 304 304 384 384 384 384 384  26
 27  125 125 125 125 125 230 230 306 306 306 386 386 386 386 386  27
 28  126 126 126 126 232 232 308 308 308 308 388 388 388 388 388  28
 29  151 151 151 151 234 234 310 310 310 390 390 390 390 390 390  29
 30  152 152 152 152 152 236 236 312 392 392 392 392 392 392 392  30

     61  62  63  64  65  66  67  68  69  70  71  72  73  74  75


---------------------------------------------------------------------
      fila 31 A 44    columna  1 A 30

      1   2   3   4   5   6   7   8   9  10  11  12  13  14  15  16  17  18  19  20  21  22  23  24  25  26  27  28  29  30

 31  393 393 393 393 393 393 393 313 237 237 140 140 140 140 140 140 140 154 154 154 154 154 143 143 143 143 143 143 143 157  31
 32  395 395 395 395 395 395 395 315 315 239 239 141 141 141 141 141 155 155 155 155 155 155 155 144 144 144 144 144 158 158  32
 33  397 397 397 397 397 397 397 397 317 317 241 241 241 241 241 241 155 155 155 155 155 155 155 166 166 166 166 166 158 158  33
 34  399 399 399 399 399 399 399 399 399 399 399 319 319 319 319 243 243 156 156 156 156 156 167 167 167 167 167 167 167 159  34
 35  401 401 401 401 401 401 401 401 401 401 401 401 321 321 321 321 245 245 245 245 245 245 167 167 167 167 167 167 167 175  35
 36  403 403 403 403 403 403 403 403 403 403 403 403 403 323 323 323 323 323 323 323 323 247 247 168 168 168 168 168 176 176  36
 37  405 405 405 405 405 405 405 405 405 405 405 405 405 405 405 405 325 325 325 325 325 325 249 249 249 249 249 249 176 176  37
 38  407 407 407 407 407 407 407 407 407 407 407 407 407 407 407 407 407 327 327 327 327 327 327 327 327 327 327 251 251 177  38
 39  409 409 409 409 409 409 409 409 409 409 409 409 409 409 409 409 409 409 409 409 329 329 329 329 329 329 329 329 253 253  39
 40  411 411 411 411 411 411 411 411 411 411 411 411 411 411 411 411 411 411 411 411 411 411 411 331 331 331 331 331 331 331  40
 41  413 413 413 413 413 413 413 413 413 413 413 413 413 413 413 413 413 413 413 413 413 413 413 413 413 413 413 413 333 333  41
 42  415 415 415 415 415 415 415 415 415 415 415 415 415 415 415 415 415 415 415 415 415 415 415 415 415 415 415 415 415 415  42
 43  417 417 417 417 417 417 417 417 417 417 417 417 417 417 417 417 417 417 417 417 417 417 417 417 417 417 417 417 417 417  43
 44  417 417 417 417 417 417 417 417 417 417 417 417 417 417 417 417 417 417 417 417 417 417 417 417 417 417 417 417 417 417  44

      1   2   3   4   5   6   7   8   9  10  11  12  13  14  15  16  17  18  19  20  21  22  23  24  25  26  27  28  29  30


---------------------------------------------------------------------
      fila 31 A 44    columna 31 A 60

     31  32  33  34  35  36  37  38  39  40  41  42  43  44  45  46  47  48  49  50  51  52  53  54  55  56  57  58  59  60

 31  157 157 157 157 146 146 146 146 146 146 146 160 160 160 160 160 149 149 149 149 149 149 149 163 163 163 163 163 152 152  31
 32  158 158 158 158 158 147 147 147 147 147 161 161 161 161 161 161 161 150 150 150 150 150 164 164 164 164 164 164 164 153  32
 33  158 158 158 158 158 169 169 169 169 169 161 161 161 161 161 161 161 172 172 172 172 172 164 164 164 164 164 164 164 242  33
 34  159 159 159 159 170 170 170 170 170 170 170 162 162 162 162 162 173 173 173 173 173 173 173 165 165 165 165 165 244 244  34
 35  175 175 175 175 170 170 170 170 170 170 170 178 178 178 178 178 173 173 173 173 173 173 173 246 246 246 246 246 246 322  35
 36  176 176 176 176 176 171 171 171 171 171 179 179 179 179 179 179 179 174 174 174 174 174 248 248 324 324 324 324 324 324  36
 37  176 176 176 176 176 181 181 181 181 181 179 179 179 179 179 179 179 250 250 250 250 250 250 326 326 326 326 326 326 406  37
 38  177 177 177 177 182 182 182 182 182 182 182 180 180 180 180 180 252 252 328 328 328 328 328 328 328 328 328 328 408 408  38
 39  253 253 253 253 182 182 182 182 182 182 182 254 254 254 254 254 254 330 330 330 330 330 330 330 330 410 410 410 410 410  39
 40  331 331 331 255 255 183 183 183 183 183 256 256 332 332 332 332 332 332 332 332 332 332 412 412 412 412 412 412 412 412  40
 41  333 333 333 333 257 257 257 257 257 257 257 334 334 334 334 334 334 414 414 414 414 414 414 414 414 414 414 414 414 414  41
 42  415 415 415 415 415 335 335 335 335 335 416 416 416 416 416 416 416 416 416 416 416 416 416 416 416 416 416 416 416 416  42
 43  417 417 417 417 417 417 417 417 417 417 417 417 417 417 417 417 417 417 417 417 417 417 417 417 417 417 417 417 417 417  43
 44  417 417 417 417 417 417 417 417 417 417 417 417 417 417 417 417 417 417 417 417 417 417 417 417 417 417 417 417 417 417  44

     31  32  33  34  35  36  37  38  39  40  41  42  43  44  45  46  47  48  49  50  51  52  53  54  55  56  57  58  59  60


---------------------------------------------------------------------
      fila 31 A 44    columna 61 A 75

     61  62  63  64  65  66  67  68  69  70  71  72  73  74  75

 31  152 152 152 152 152 238 238 314 394 394 394 394 394 394 394  31
 32  153 153 153 153 240 240 316 316 396 396 396 396 396 396 396  32
 33  242 242 242 242 242 318 318 398 398 398 398 398 398 398 398  33
 34  320 320 320 320 400 400 400 400 400 400 400 400 400 400 400  34
 35  322 322 322 402 402 402 402 402 402 402 402 402 402 402 402  35
 36  324 324 404 404 404 404 404 404 404 404 404 404 404 404 404  36
 37  406 406 406 406 406 406 406 406 406 406 406 406 406 406 406  37
 38  408 408 408 408 408 408 408 408 408 408 408 408 408 408 408  38
 39  410 410 410 410 410 410 410 410 410 410 410 410 410 410 410  39
 40  412 412 412 412 412 412 412 412 412 412 412 412 412 412 412  40
 41  414 414 414 414 414 414 414 414 414 414 414 414 414 414 414  41
 42  416 416 416 416 416 416 416 416 416 416 416 416 416 416 416  42
 43  417 417 417 417 417 417 417 417 417 417 417 417 417 417 417  43
 44  417 417 417 417 417 417 417 417 417 417 417 417 417 417 417  44

     61  62  63  64  65  66  67  68  69  70  71  72  73  74  75
*********************************************************************
Cobertura en X-Y ó R-FI

CANAL    1
    1  1.00000    2  1.00000    3  1.00000
CANAL    2
    4  1.00000    5  1.00000    6  1.00000
CANAL    3
    7  1.00000    8  1.00000    9  1.00000
CANAL    4
   10  1.00000   11  1.00000   12  1.00000
CANAL    5
   13  1.00000   14  1.00000   15  1.00000
CANAL    6
   16  1.00000   17  1.00000   18  1.00000
CANAL    7
   19  1.00000   20  1.00000   21  1.00000
CANAL    8
   22  1.00000   23  1.00000   24  1.00000
CANAL    9
   25  1.00000   26  1.00000   27  1.00000
CANAL   10
   28  1.00000   29  1.00000   30  1.00000
CANAL   11
   31  1.00000   32  1.00000   33  1.00000
CANAL   12
   34  1.00000   35  1.00000   36  1.00000
CANAL   13
   37  1.00000   38  1.00000   39  1.00000
CANAL   14
   40  1.00000   41  1.00000   42  1.00000
CANAL   15
   43  1.00000   44  1.00000   45  1.00000
CANAL   16
   46  1.00000   47  1.00000   48  1.00000
CANAL   17
   49  1.00000   50  1.00000   51  1.00000
CANAL   18
   52  1.00000   53  1.00000   54  1.00000
CANAL   19
   55  1.00000   56  1.00000   57  1.00000
CANAL   20
   58  1.00000   59  1.00000   60  1.00000
CANAL   21
   61  1.00000   62  1.00000   63  1.00000
CANAL   22
   64  1.00000   65  1.00000   66  1.00000
CANAL   23
   67  1.00000   68  1.00000   69  1.00000
CANAL   24
   70  1.00000   71  1.00000   72  1.00000
CANAL   25
   73  1.00000   74  1.00000   75  1.00000
CANAL   26
   76  1.00000   77  1.00000   78  1.00000
CANAL   27
   79  1.00000   80  1.00000   81  1.00000
CANAL   28
   82  1.00000   83  1.00000   84  1.00000
CANAL   29
   85  1.00000   86  1.00000   87  1.00000
CANAL   30
   88  1.00000   89  1.00000   90  1.00000
CANAL   31
   91  1.00000   92  1.00000   93  1.00000
CANAL   32
   94  1.00000   95  1.00000   96  1.00000
CANAL   33
   97  1.00000   98  1.00000   99  1.00000
CANAL   34
  100  1.00000  101  1.00000  102  1.00000
CANAL   35
  103  1.00000  104  1.00000  105  1.00000
CANAL   36
  106  1.00000  107  1.00000  108  1.00000
CANAL   37
  109  1.00000  110  1.00000  111  1.00000
CANAL   38
  112  1.00000  113  1.00000  114  1.00000
CANAL   39
  115  1.00000  116  1.00000  117  1.00000
CANAL   40
  118  1.00000  119  1.00000  120  1.00000
CANAL   41
  121  1.00000  122  1.00000  123  1.00000
CANAL   42
  124  1.00000  125  1.00000  126  1.00000
CANAL   43
  127  1.00000  128  1.00000  129  1.00000
CANAL   44
  130  1.00000  131  1.00000  132  1.00000
CANAL   45
  133  1.00000  134  1.00000  135  1.00000
CANAL   46
  136  1.00000  137  1.00000  138  1.00000
CANAL   47
  139  1.00000  140  1.00000  141  1.00000
CANAL   48
  142  1.00000  143  1.00000  144  1.00000
CANAL   49
  145  1.00000  146  1.00000  147  1.00000
CANAL   50
  148  1.00000  149  1.00000  150  1.00000
CANAL   51
  151  1.00000  152  1.00000  153  1.00000
CANAL   52
  154  1.00000  155  1.00000  156  1.00000
CANAL   53
  157  1.00000  158  1.00000  159  1.00000
CANAL   54
  160  1.00000  161  1.00000  162  1.00000
CANAL   55
  163  1.00000  164  1.00000  165  1.00000
CANAL   56
  166  1.00000  167  1.00000  168  1.00000
CANAL   57
  169  1.00000  170  1.00000  171  1.00000
CANAL   58
  172  1.00000  173  1.00000  174  1.00000
CANAL   59
  175  1.00000  176  1.00000  177  1.00000
CANAL   60
  178  1.00000  179  1.00000  180  1.00000
CANAL   61
  181  1.00000  182  1.00000  183  1.00000
CANAL   62
  184  1.00000
CANAL   63
  185  1.00000  186  1.00000  187  1.00000  188  1.00000
CANAL   64
  189  1.00000  190  1.00000  191  1.00000  192  1.00000
CANAL   65
  193  1.00000  194  1.00000  195  1.00000  196  1.00000
CANAL   66
  197  1.00000  198  1.00000  199  1.00000  200  1.00000
CANAL   67
  201  1.00000  202  1.00000  203  1.00000  204  1.00000
CANAL   68
  205  1.00000  206  1.00000  207  1.00000  208  1.00000
CANAL   69
  209  1.00000  210  1.00000  211  1.00000  212  1.00000
CANAL   70
  213  1.00000  214  1.00000  215  1.00000  216  1.00000
CANAL   71
  217  1.00000  218  1.00000  219  1.00000  220  1.00000
CANAL   72
  221  1.00000  222  1.00000  223  1.00000  224  1.00000
CANAL   73
  225  1.00000  226  1.00000  227  1.00000  228  1.00000
CANAL   74
  229  1.00000  230  1.00000  231  1.00000  232  1.00000
CANAL   75
  233  1.00000  234  1.00000  235  1.00000  236  1.00000
CANAL   76
  237  1.00000  238  1.00000  239  1.00000  240  1.00000
CANAL   77
  241  1.00000  242  1.00000  243  1.00000  244  1.00000
CANAL   78
  245  1.00000  246  1.00000  247  1.00000  248  1.00000
CANAL   79
  249  1.00000  250  1.00000  251  1.00000  252  1.00000
CANAL   80
  253  1.00000  254  1.00000  255  1.00000  256  1.00000
CANAL   81
  257  1.00000
CANAL   82
  258  1.00000
CANAL   83
  259  1.00000  260  1.00000  261  1.00000  262  1.00000
CANAL   84
  263  1.00000  264  1.00000  265  1.00000  266  1.00000
CANAL   85
  267  1.00000  268  1.00000  269  1.00000  270  1.00000
CANAL   86
  271  1.00000  272  1.00000  273  1.00000  274  1.00000
CANAL   87
  275  1.00000  276  1.00000  277  1.00000  278  1.00000
CANAL   88
  279  1.00000  280  1.00000  281  1.00000  282  1.00000
CANAL   89
  283  1.00000  284  1.00000  285  1.00000  286  1.00000
CANAL   90
  287  1.00000  288  1.00000  289  1.00000  290  1.00000
CANAL   91
  291  1.00000  292  1.00000  293  1.00000  294  1.00000
CANAL   92
  295  1.00000  296  1.00000  297  1.00000  298  1.00000
CANAL   93
  299  1.00000  300  1.00000  301  1.00000  302  1.00000
CANAL   94
  303  1.00000  304  1.00000  305  1.00000  306  1.00000
CANAL   95
  307  1.00000  308  1.00000  309  1.00000  310  1.00000
CANAL   96
  311  1.00000  312  1.00000  313  1.00000  314  1.00000
CANAL   97
  315  1.00000  316  1.00000  317  1.00000  318  1.00000
CANAL   98
  319  1.00000  320  1.00000  321  1.00000  322  1.00000
CANAL   99
  323  1.00000  324  1.00000  325  1.00000  326  1.00000
CANAL  100
  327  1.00000  328  1.00000  329  1.00000  330  1.00000
CANAL  101
  331  1.00000  332  1.00000  333  1.00000  334  1.00000
CANAL  102
  335  1.00000
CANAL  103
  336  1.00000
CANAL  104
  337  1.00000  338  1.00000  339  1.00000  340  1.00000
CANAL  105
  341  1.00000  342  1.00000  343  1.00000  344  1.00000
CANAL  106
  345  1.00000  346  1.00000  347  1.00000  348  1.00000
CANAL  107
  349  1.00000  350  1.00000  351  1.00000  352  1.00000
CANAL  108
  353  1.00000  354  1.00000  355  1.00000  356  1.00000
CANAL  109
  357  1.00000  358  1.00000  359  1.00000  360  1.00000
CANAL  110
  361  1.00000  362  1.00000  363  1.00000  364  1.00000
CANAL  111
  365  1.00000  366  1.00000  367  1.00000  368  1.00000
CANAL  112
  369  1.00000  370  1.00000  371  1.00000  372  1.00000
CANAL  113
  373  1.00000  374  1.00000  375  1.00000  376  1.00000
CANAL  114
  377  1.00000  378  1.00000  379  1.00000  380  1.00000
CANAL  115
  381  1.00000  382  1.00000  383  1.00000  384  1.00000
CANAL  116
  385  1.00000  386  1.00000  387  1.00000  388  1.00000
CANAL  117
  389  1.00000  390  1.00000  391  1.00000  392  1.00000
CANAL  118
  393  1.00000  394  1.00000  395  1.00000  396  1.00000
CANAL  119
  397  1.00000  398  1.00000  399  1.00000  400  1.00000
CANAL  120
  401  1.00000  402  1.00000  403  1.00000  404  1.00000
CANAL  121
  405  1.00000  406  1.00000  407  1.00000  408  1.00000
CANAL  122
  409  1.00000  410  1.00000  411  1.00000  412  1.00000
CANAL  123
  413  1.00000  414  1.00000  415  1.00000  416  1.00000
CANAL  124
  417  1.00000


*********************************************************************
Coberturas axiales
Trozo, segmentos y fracciones

    1      1  1.00000
    2      2  1.00000      3  1.00000      4  1.00000      5  1.00000
    3      6  1.00000
    4      7  1.00000
    5      8  1.00000
    6      9  1.00000
    7     10  1.00000
    8     11  1.00000
    9     12  1.00000
   10     13  1.00000
   11     14  1.00000
   12     15  1.00000
   13     16  1.00000
   14     17  1.00000
   15     18  1.00000
   16     19  1.00000
   17     20  1.00000     21  1.00000     22  1.00000     23  1.00000
   18     24  1.00000


