   1 fila ,

  0
  2.60200E+00  1.35386E+00  8.20806E-01  4.41012E-01  2.60154E-01
  2.59588E-03  6.49922E-02  5.38404E-04  1.24877E-11  2.05431E-13
  0.00000E+00  1.31492E-03  7.16628E-02  4.20879E-06  4.14713E-07
  0.00000E+00  0.00000E+00  1.51703E-02  5.42199E-02  4.85341E-03
  0.00000E+00  0.00000E+00  1.37895E-03  3.05278E-02  2.67020E-01
  0.00000E+00  0.00000E+00  4.77707E-06  3.47340E-01  6.41790E-02
  5.90443E-03  3.55201E-04  5.13305E-03  4.24134E-02  9.27941E-02
  2.33624E-03  1.52779E-04  2.22451E-03  1.83733E-02  4.01979E-02


 -2.29519E-08  4.55549E-08  1.74090E-06 -1.36369E-06  3.94637E-06
  1.44231E-09 -4.08654E-08 -2.40385E-10  0.00000E+00  0.00000E+00
  0.00000E+00  9.85577E-09  9.61538E-08  9.37500E-12  0.00000E+00
  0.00000E+00  0.00000E+00  1.77404E-06 -1.92308E-07 -2.64423E-08
  0.00000E+00  0.00000E+00  3.03606E-07  8.41346E-08 -7.45192E-07
  0.00000E+00  0.00000E+00  2.06731E-11  1.11298E-05 -7.90865E-07
  4.32692E-09  2.64423E-10  9.85577E-09  1.85096E-07 -1.37019E-06
  1.44231E-09  9.61538E-11  4.08654E-09  7.69231E-08 -5.76923E-07

  0.00000E+00  0.00000E+00  2.93173E-06 -1.56186E-05  3.78239E-06
  2.38095E-09 -4.76190E-08 -2.38095E-10  0.00000E+00  0.00000E+00
  0.00000E+00  0.00000E+00  1.19048E-07  0.00000E+00  0.00000E+00
  0.00000E+00  0.00000E+00 -4.76190E-08  2.66667E-06 -4.52381E-08
  0.00000E+00  0.00000E+00  1.97381E-06 -2.97619E-06 -1.33333E-04
  0.00000E+00  0.00000E+00  5.05452E-08  7.00714E-04 -1.34762E-05
  4.76190E-09  2.38095E-10  7.14286E-08 -3.14286E-06 -2.05238E-05
  2.38095E-09  0.00000E+00  3.09524E-08 -1.30952E-06 -8.61905E-06

 -2.55949E-02 -4.90548E-02 -9.68617E-02 -2.35937E-01 -4.17328E-01
 -1.54100E-04 -1.74220E-02 -1.08610E-04  0.00000E+00  0.00000E+00
  0.00000E+00 -5.80000E-06 -2.37290E-02 -2.31750E-06 -2.70730E-07
  0.00000E+00  0.00000E+00 -1.17700E-03 -2.18590E-02 -1.89960E-03
  0.00000E+00  0.00000E+00 -6.95000E-05 -2.20000E-03 -9.46100E-02
  0.00000E+00  0.00000E+00 -1.79600E-06 -1.14360E-01 -3.26700E-03
 -2.03200E-04 -1.99000E-06 -1.19500E-04 -9.98000E-04 -2.92000E-04
 -7.49000E-05 -8.20000E-07 -5.01000E-05 -4.18000E-04 -1.23000E-04

 -1.15768E-02 -2.22496E-02 -4.39585E-02 -1.07570E-01 -1.90025E-01
 -6.83000E-05 -7.85700E-03 -4.89500E-05  0.00000E+00  0.00000E+00
  0.00000E+00 -2.80000E-06 -1.07730E-02 -1.05210E-06 -1.22940E-07
  0.00000E+00  0.00000E+00 -4.58000E-04 -9.98800E-03 -8.68100E-04
  0.00000E+00  0.00000E+00 -3.32000E-05 -9.46000E-04 -4.32500E-02
  0.00000E+00  0.00000E+00 -8.18000E-07 -5.20900E-02 -1.45400E-03
 -8.60000E-05 -9.40000E-07 -4.37000E-05 -3.68000E-04 -7.50000E-05
 -3.18000E-05 -3.90000E-07 -1.83000E-05 -1.54000E-04 -3.20000E-05

  7.20139E-03  1.38791E-02  2.75085E-02  6.76107E-02  1.19204E-01
  4.16000E-05  4.87300E-03  3.03400E-05  0.00000E+00  0.00000E+00
  0.00000E+00  1.90000E-06  6.74300E-03  6.58700E-07  7.69800E-08
  0.00000E+00  0.00000E+00  2.44000E-04  6.29400E-03  5.47100E-04
  0.00000E+00  0.00000E+00  2.14000E-05  5.63000E-04  2.72500E-02
  0.00000E+00  0.00000E+00  5.13500E-07  3.27000E-02  8.97000E-04
  5.01000E-05  6.10000E-07  2.18000E-05  1.83000E-04  2.00000E-05
  1.86000E-05  2.50000E-07  9.20000E-06  7.70000E-05  8.00000E-06

  3.67080E-24  4.79430E-24  1.56190E-23  2.26450E-19  2.95880E-18
 -5.50020E-27  6.05020E-25  8.79350E-29  0.00000E+00  0.00000E+00
  0.00000E+00  4.51650E-26  1.55460E-26  0.00000E+00  0.00000E+00
  0.00000E+00  0.00000E+00  4.53200E-22  1.85720E-23  7.13590E-29
  0.00000E+00  0.00000E+00  1.60640E-23  1.03040E-18  2.07930E-20
  0.00000E+00  0.00000E+00  0.00000E+00  3.38410E-20  2.59100E-18
  0.00000E+00  0.00000E+00  0.00000E+00  0.00000E+00  0.00000E+00
  0.00000E+00  0.00000E+00  0.00000E+00  0.00000E+00  0.00000E+00

  4.29450E-24  1.02250E-23  8.06460E-23  4.22040E-21  5.15360E-20
  7.11350E-26  1.18960E-24  7.17710E-29  0.00000E+00  0.00000E+00
  0.00000E+00  1.24070E-24  4.33710E-26  0.00000E+00  0.00000E+00
  0.00000E+00  0.00000E+00  3.51720E-22  2.64650E-26  9.49090E-31
  0.00000E+00  0.00000E+00  2.14910E-26  4.61620E-20  3.71450E-23
  0.00000E+00  0.00000E+00  0.00000E+00  4.51630E-23  5.72930E-20
  0.00000E+00  0.00000E+00  0.00000E+00  0.00000E+00  0.00000E+00
  0.00000E+00  0.00000E+00  0.00000E+00  0.00000E+00  0.00000E+00

   1 fila ,

  0
  2.60200E+00  1.35386E+00  8.20806E-01  4.41012E-01  2.60154E-01
  2.59588E-03  6.49922E-02  5.38404E-04  1.24877E-11  2.05431E-13
  0.00000E+00  1.31492E-03  7.16628E-02  4.20879E-06  4.14713E-07
  0.00000E+00  0.00000E+00  1.51703E-02  5.42199E-02  4.85341E-03
  0.00000E+00  0.00000E+00  1.37895E-03  3.05278E-02  2.67020E-01
  0.00000E+00  0.00000E+00  4.77707E-06  3.47340E-01  6.41790E-02
  5.90443E-03  3.55201E-04  5.13305E-03  4.24134E-02  9.27941E-02
  2.33624E-03  1.52779E-04  2.22451E-03  1.83733E-02  4.01979E-02


 -3.45153E-08  4.54314E-08  1.75692E-06 -8.58912E-07  3.49584E-06
  1.20192E-09 -3.84615E-08 -1.92308E-10  0.00000E+00  0.00000E+00
  0.00000E+00  9.61538E-09  9.85577E-08  9.85577E-12  0.00000E+00
  0.00000E+00  0.00000E+00  1.81250E-06 -2.11538E-07 -2.78846E-08
  0.00000E+00  0.00000E+00  3.96635E-07  1.25000E-07 -3.84615E-07
  0.00000E+00  0.00000E+00  1.85096E-11  1.05529E-05 -1.10096E-06
  3.84615E-09  4.56731E-10  4.87981E-08  2.69231E-07 -2.01923E-06
  1.44231E-09  1.92308E-10  2.06731E-08  1.12981E-07 -8.53365E-07

 -1.13955E-07  4.49988E-07  2.72208E-06  1.70154E-06  7.98985E-06
  0.00000E+00 -2.38095E-08 -2.38095E-10  0.00000E+00  0.00000E+00
  0.00000E+00  2.38095E-09  9.52381E-08  0.00000E+00  0.00000E+00
  0.00000E+00  0.00000E+00 -2.38095E-08  2.35714E-06 -5.95238E-08
  0.00000E+00  0.00000E+00  2.65952E-06 -2.69048E-06 -1.11429E-04
  0.00000E+00  0.00000E+00  5.11381E-08  7.05000E-04 -1.77857E-05
  4.76190E-09  2.38095E-10  1.11905E-07 -3.14286E-06 -3.02381E-05
  2.38095E-09  0.00000E+00  4.76190E-08 -1.30952E-06 -1.26667E-05

 -2.56664E-02 -4.89716E-02 -9.68283E-02 -2.34538E-01 -4.20673E-01
 -1.51600E-04 -1.75420E-02 -1.09290E-04  0.00000E+00  0.00000E+00
  0.00000E+00 -6.40000E-06 -2.35030E-02 -2.29510E-06 -2.67800E-07
  0.00000E+00  0.00000E+00 -1.25300E-03 -2.15920E-02 -1.87760E-03
  0.00000E+00  0.00000E+00 -1.04500E-04 -2.75000E-03 -9.28100E-02
  0.00000E+00  0.00000E+00 -1.81430E-06 -1.15530E-01 -3.43300E-03
 -1.97900E-04 -3.35000E-06 -2.43800E-04 -2.01700E-03 -5.70000E-04
 -7.33000E-05 -1.36000E-06 -1.02500E-04 -8.47000E-04 -2.40000E-04

 -1.16211E-02 -2.22077E-02 -4.39459E-02 -1.07102E-01 -1.91737E-01
 -6.72000E-05 -7.91600E-03 -4.92900E-05  0.00000E+00  0.00000E+00
  0.00000E+00 -3.10000E-06 -1.06670E-02 -1.04160E-06 -1.21570E-07
  0.00000E+00  0.00000E+00 -4.86000E-04 -9.87100E-03 -8.58500E-04
  0.00000E+00  0.00000E+00 -4.73000E-05 -1.15600E-03 -4.25900E-02
  0.00000E+00  0.00000E+00 -8.27400E-07 -5.26900E-02 -1.50000E-03
 -8.40000E-05 -1.57000E-06 -8.87000E-05 -7.54000E-04 -1.40000E-04
 -3.13000E-05 -6.40000E-07 -3.73000E-05 -3.17000E-04 -5.80000E-05

  7.22584E-03  1.38405E-02  2.75096E-02  6.74177E-02  1.20493E-01
  4.10000E-05  4.91400E-03  3.05900E-05  0.00000E+00  0.00000E+00
  0.00000E+00  1.90000E-06  6.67200E-03  6.51600E-07  7.60700E-08
  0.00000E+00  0.00000E+00  2.56000E-04  6.22200E-03  5.41200E-04
  0.00000E+00  0.00000E+00  2.92000E-05  6.71000E-04  2.69300E-02
  0.00000E+00  0.00000E+00  5.20000E-07  3.31100E-02  9.11000E-04
  4.90000E-05  9.90000E-07  4.41000E-05  3.80000E-04  3.00000E-05
  1.83000E-05  4.10000E-07  1.85000E-05  1.59000E-04  1.30000E-05

  3.67440E-24  4.78620E-24  1.54410E-23  1.88220E-19  2.81590E-18
 -5.06990E-27  6.04400E-25  8.79990E-29  0.00000E+00  0.00000E+00
  0.00000E+00  4.48780E-26  1.53360E-26  0.00000E+00  0.00000E+00
  0.00000E+00  0.00000E+00  4.34390E-22  1.77260E-23  6.82480E-29
  0.00000E+00  0.00000E+00  2.07320E-23  9.43710E-19  1.86400E-20
  0.00000E+00  0.00000E+00  0.00000E+00  3.31730E-20  2.46620E-18
  0.00000E+00  0.00000E+00  0.00000E+00  0.00000E+00  0.00000E+00
  0.00000E+00  0.00000E+00  0.00000E+00  0.00000E+00  0.00000E+00

  4.30130E-24  1.01960E-23  8.01210E-23  3.51320E-21  4.90060E-20
  7.19690E-26  1.19110E-24  7.13810E-29  0.00000E+00  0.00000E+00
  0.00000E+00  1.23280E-24  4.28150E-26  0.00000E+00  0.00000E+00
  0.00000E+00  0.00000E+00  3.40200E-22  2.52610E-26  9.09900E-31
  0.00000E+00  0.00000E+00  2.77360E-26  4.20720E-20  3.33000E-23
  0.00000E+00  0.00000E+00  0.00000E+00  4.43000E-23  5.49720E-20
  0.00000E+00  0.00000E+00  0.00000E+00  0.00000E+00  0.00000E+00
  0.00000E+00  0.00000E+00  0.00000E+00  0.00000E+00  0.00000E+00

   1 fila ,

  0
  2.60200E+00  1.35386E+00  8.20806E-01  4.41012E-01  2.60154E-01
  2.59588E-03  6.49922E-02  5.38404E-04  1.24877E-11  2.05431E-13
  0.00000E+00  1.31492E-03  7.16628E-02  4.20879E-06  4.14713E-07
  0.00000E+00  0.00000E+00  1.51703E-02  5.42199E-02  4.85341E-03
  0.00000E+00  0.00000E+00  1.37895E-03  3.05278E-02  2.67020E-01
  0.00000E+00  0.00000E+00  4.77707E-06  3.47340E-01  6.41790E-02
  5.90443E-03  3.55201E-04  5.13305E-03  4.24134E-02  9.27941E-02
  2.33624E-03  1.52779E-04  2.22451E-03  1.83733E-02  4.01979E-02


 -2.29068E-08  4.55480E-08  1.81008E-06 -7.42173E-07  3.61238E-06
  1.68269E-09 -4.56731E-08 -2.40385E-10  0.00000E+00  0.00000E+00
  0.00000E+00  9.85577E-09  1.03365E-07  1.00962E-11  0.00000E+00
  0.00000E+00  0.00000E+00  1.85337E-06 -2.35577E-07 -2.95673E-08
  0.00000E+00  0.00000E+00  4.42308E-07  7.21154E-08 -2.88462E-07
  0.00000E+00  0.00000E+00  1.80288E-11  1.01683E-05 -9.85577E-07
  4.56731E-09  4.32692E-10  4.49519E-08  2.52404E-07 -1.97115E-06
  1.68269E-09  1.92308E-10  1.89904E-08  1.05769E-07 -8.24519E-07

 -1.13447E-07  4.51142E-07  2.84895E-06  6.48621E-06  9.63181E-06
  4.76190E-09 -1.19048E-07 -7.14286E-10  0.00000E+00  0.00000E+00
  0.00000E+00  2.38095E-09  2.85714E-07  0.00000E+00  0.00000E+00
  0.00000E+00  0.00000E+00 -2.38095E-08  2.47619E-06 -5.00000E-08
  0.00000E+00  0.00000E+00  3.06667E-06 -2.83333E-06 -1.05238E-04
  0.00000E+00  0.00000E+00  5.17333E-08  7.12619E-04 -1.73810E-05
  1.19048E-08  4.76190E-10  1.16667E-07 -2.50000E-06 -2.90476E-05
  4.76190E-09  2.38095E-10  4.76190E-08 -1.04762E-06 -1.21905E-05

 -2.55951E-02 -4.90604E-02 -9.69201E-02 -2.35511E-01 -4.24290E-01
 -1.54800E-04 -1.74110E-02 -1.08570E-04  0.00000E+00  0.00000E+00
  0.00000E+00 -5.20000E-06 -2.37410E-02 -2.31890E-06 -2.70900E-07
  0.00000E+00  0.00000E+00 -1.27500E-03 -2.17970E-02 -1.89440E-03
  0.00000E+00  0.00000E+00 -1.03300E-04 -2.88600E-03 -9.29300E-02
  0.00000E+00  0.00000E+00 -1.83220E-06 -1.16700E-01 -2.76000E-03
 -2.03700E-04 -3.24000E-06 -2.33500E-04 -2.28600E-03 -8.10000E-04
 -7.50000E-05 -1.32000E-06 -9.81000E-05 -9.59000E-04 -3.39000E-04

 -1.15865E-02 -2.22307E-02 -4.39996E-02 -1.07632E-01 -1.93533E-01
 -6.86000E-05 -7.85900E-03 -4.89700E-05  0.00000E+00  0.00000E+00
  0.00000E+00 -2.60000E-06 -1.07710E-02 -1.05210E-06 -1.22930E-07
  0.00000E+00  0.00000E+00 -4.94000E-04 -9.96100E-03 -8.65900E-04
  0.00000E+00  0.00000E+00 -4.66000E-05 -1.18500E-03 -4.27300E-02
  0.00000E+00  0.00000E+00 -8.36100E-07 -5.32500E-02 -1.23000E-03
 -8.61000E-05 -1.53000E-06 -8.47000E-05 -8.63000E-04 -2.30000E-04
 -3.18000E-05 -6.30000E-07 -3.56000E-05 -3.62000E-04 -9.80000E-05

  7.22411E-03  1.38559E-02  2.75270E-02  6.78092E-02  1.21609E-01
  4.19000E-05  4.88200E-03  3.04000E-05  0.00000E+00  0.00000E+00
  0.00000E+00  1.70000E-06  6.73500E-03  6.57700E-07  7.68500E-08
  0.00000E+00  0.00000E+00  2.59000E-04  6.27300E-03  5.45400E-04
  0.00000E+00  0.00000E+00  2.86000E-05  6.73000E-04  2.70600E-02
  0.00000E+00  0.00000E+00  5.25600E-07  3.34800E-02  7.70000E-04
  5.04000E-05  9.60000E-07  4.16000E-05  4.39000E-04  8.00000E-05
  1.87000E-05  3.90000E-07  1.75000E-05  1.85000E-04  3.50000E-05

  3.66820E-24  4.79290E-24  1.54630E-23  1.72610E-19  2.70850E-18
 -5.60200E-27  6.04880E-25  8.78850E-29  0.00000E+00  0.00000E+00
  0.00000E+00  4.51780E-26  1.55700E-26  0.00000E+00  0.00000E+00
  0.00000E+00  0.00000E+00  4.37440E-22  1.78370E-23  6.87420E-29
  0.00000E+00  0.00000E+00  2.30730E-23  8.83970E-19  1.73000E-20
  0.00000E+00  0.00000E+00  0.00000E+00  3.19240E-20  2.37240E-18
  0.00000E+00  0.00000E+00  0.00000E+00  0.00000E+00  0.00000E+00
  0.00000E+00  0.00000E+00  0.00000E+00  0.00000E+00  0.00000E+00

  4.29080E-24  1.02240E-23  8.02130E-23  3.22420E-21  4.71230E-20
  7.08960E-26  1.18850E-24  7.18280E-29  0.00000E+00  0.00000E+00
  0.00000E+00  1.24110E-24  4.34340E-26  0.00000E+00  0.00000E+00
  0.00000E+00  0.00000E+00  3.42570E-22  2.54190E-26  9.17830E-31
  0.00000E+00  0.00000E+00  3.08690E-26  3.93030E-20  3.09050E-23
  0.00000E+00  0.00000E+00  0.00000E+00  4.26360E-23  5.28810E-20
  0.00000E+00  0.00000E+00  0.00000E+00  0.00000E+00  0.00000E+00
  0.00000E+00  0.00000E+00  0.00000E+00  0.00000E+00  0.00000E+00

   1 fila ,

  0
  2.60200E+00  1.35386E+00  8.20806E-01  4.41012E-01  2.60154E-01
  2.59588E-03  6.49922E-02  5.38404E-04  1.24877E-11  2.05431E-13
  0.00000E+00  1.31492E-03  7.16628E-02  4.20879E-06  4.14713E-07
  0.00000E+00  0.00000E+00  1.51703E-02  5.42199E-02  4.85341E-03
  0.00000E+00  0.00000E+00  1.37895E-03  3.05278E-02  2.67020E-01
  0.00000E+00  0.00000E+00  4.77707E-06  3.47340E-01  6.41790E-02
  5.90443E-03  3.55201E-04  5.13305E-03  4.24134E-02  9.27941E-02
  2.33624E-03  1.52779E-04  2.22451E-03  1.83733E-02  4.01979E-02


 -3.41958E-08  4.56512E-08  1.82736E-06 -6.65440E-07  3.44959E-06
  1.92308E-09 -5.28846E-08 -2.88462E-10  0.00000E+00  0.00000E+00
  0.00000E+00  1.00962E-08  1.00962E-07  1.00962E-11  0.00000E+00
  0.00000E+00  0.00000E+00  1.88942E-06 -2.62019E-07 -3.17308E-08
  0.00000E+00  0.00000E+00  4.88942E-07  3.12500E-08 -1.92308E-07
  0.00000E+00  0.00000E+00  1.73077E-11  9.73558E-06 -8.89423E-07
  5.52885E-09  4.32692E-10  4.03846E-08  2.30769E-07 -1.89904E-06
  1.92308E-09  1.68269E-10  1.70673E-08  9.85577E-08 -7.95673E-07

 -1.12900E-07  0.00000E+00  2.85712E-06  1.09850E-05  1.13872E-05
  7.14286E-09 -2.14286E-07 -1.19048E-09  0.00000E+00  0.00000E+00
  0.00000E+00  4.76190E-09  4.04762E-07  0.00000E+00  0.00000E+00
  0.00000E+00  0.00000E+00  2.38095E-08  2.54762E-06 -4.76190E-08
  0.00000E+00  0.00000E+00  3.50714E-06 -2.61905E-06 -9.88095E-05
  0.00000E+00  0.00000E+00  5.21738E-08  7.18333E-04 -1.73810E-05
  2.14286E-08  7.14286E-10  1.16667E-07 -1.88095E-06 -2.80952E-05
  7.14286E-09  2.38095E-10  5.00000E-08 -8.09524E-07 -1.17381E-05

 -2.54919E-02 -4.90925E-02 -9.70110E-02 -2.36087E-01 -4.27030E-01
 -1.58500E-04 -1.72430E-02 -1.07620E-04  0.00000E+00  0.00000E+00
  0.00000E+00 -4.40000E-06 -2.39670E-02 -2.34130E-06 -2.73810E-07
  0.00000E+00  0.00000E+00 -1.30400E-03 -2.19890E-02 -1.91010E-03
  0.00000E+00  0.00000E+00 -1.11600E-04 -3.36100E-03 -9.25800E-02
  0.00000E+00  0.00000E+00 -1.84520E-06 -1.17550E-01 -2.36000E-03
 -2.10900E-04 -3.16000E-06 -2.23800E-04 -2.44600E-03 -9.60000E-04
 -7.71000E-05 -1.28000E-06 -9.41000E-05 -1.02700E-03 -4.01000E-04

 -1.15419E-02 -2.22440E-02 -4.40314E-02 -1.07962E-01 -1.94869E-01
 -7.00000E-05 -7.78100E-03 -4.85200E-05  0.00000E+00  0.00000E+00
  0.00000E+00 -2.20000E-06 -1.08700E-02 -1.06190E-06 -1.24190E-07
  0.00000E+00  0.00000E+00 -5.04000E-04 -1.00440E-02 -8.72700E-04
  0.00000E+00  0.00000E+00 -4.96000E-05 -1.34500E-03 -4.26600E-02
  0.00000E+00  0.00000E+00 -8.42400E-07 -5.36600E-02 -1.06000E-03
 -8.86000E-05 -1.51000E-06 -8.09000E-05 -9.33000E-04 -3.00000E-04
 -3.25000E-05 -6.10000E-07 -3.40000E-05 -3.91000E-04 -1.24000E-04

  7.20474E-03  1.38860E-02  2.75516E-02  6.80368E-02  1.22527E-01
  4.32000E-05  4.84200E-03  3.01700E-05  0.00000E+00  0.00000E+00
  0.00000E+00  1.50000E-06  6.79400E-03  6.63700E-07  7.76400E-08
  0.00000E+00  0.00000E+00  2.64000E-04  6.32400E-03  5.49600E-04
  0.00000E+00  0.00000E+00  2.99000E-05  7.44000E-04  2.70700E-02
  0.00000E+00  0.00000E+00  5.29700E-07  3.37500E-02  6.60000E-04
  5.24000E-05  9.60000E-07  3.97000E-05  4.79000E-04  1.10000E-04
  1.93000E-05  4.00000E-07  1.66000E-05  2.01000E-04  4.80000E-05

  3.66150E-24  4.79930E-24  1.54800E-23  1.58840E-19  2.59300E-18
 -6.22600E-27  6.05410E-25  8.77640E-29  0.00000E+00  0.00000E+00
  0.00000E+00  4.54570E-26  1.57870E-26  0.00000E+00  0.00000E+00
  0.00000E+00  0.00000E+00  4.39810E-22  1.79190E-23  6.91270E-29
  0.00000E+00  0.00000E+00  2.54900E-23  8.23840E-19  1.59580E-20
  0.00000E+00  0.00000E+00  0.00000E+00  3.05860E-20  2.27140E-18
  0.00000E+00  0.00000E+00  0.00000E+00  0.00000E+00  0.00000E+00
  0.00000E+00  0.00000E+00  0.00000E+00  0.00000E+00  0.00000E+00

  4.27940E-24  1.02500E-23  8.02860E-23  2.96940E-21  4.50980E-20
  6.96880E-26  1.18580E-24  7.22950E-29  0.00000E+00  0.00000E+00
  0.00000E+00  1.24870E-24  4.40080E-26  0.00000E+00  0.00000E+00
  0.00000E+00  0.00000E+00  3.44540E-22  2.55360E-26  9.24350E-31
  0.00000E+00  0.00000E+00  3.41020E-26  3.65200E-20  2.85070E-23
  0.00000E+00  0.00000E+00  0.00000E+00  4.08520E-23  5.06340E-20
  0.00000E+00  0.00000E+00  0.00000E+00  0.00000E+00  0.00000E+00
  0.00000E+00  0.00000E+00  0.00000E+00  0.00000E+00  0.00000E+00

   1 fila ,

  0
  2.54517E+00  1.32057E+00  7.87564E-01  4.32749E-01  2.49323E-01
  2.78405E-03  6.35616E-02  5.05989E-04  1.48696E-06  3.37226E-08
  0.00000E+00  2.17753E-03  6.85174E-02  4.01980E-06  3.97233E-07
  0.00000E+00  0.00000E+00  2.92748E-02  4.49325E-02  4.06475E-03
  0.00000E+00  0.00000E+00  2.62568E-03  8.48553E-02  2.28968E-01
  0.00000E+00  0.00000E+00  4.69097E-06  3.42679E-01  1.37401E-01
  6.08976E-03  6.07747E-04  8.52688E-03  7.01709E-02  1.58868E-01
  2.40283E-03  2.61437E-04  3.69541E-03  3.03977E-02  6.88208E-02


 -2.29519E-08  4.55549E-08  1.74090E-06 -1.36369E-06  3.94637E-06
  1.44231E-09 -4.08654E-08 -2.40385E-10  0.00000E+00  0.00000E+00
  0.00000E+00  9.85577E-09  9.61538E-08  9.37500E-12  0.00000E+00
  0.00000E+00  0.00000E+00  1.77404E-06 -1.92308E-07 -2.64423E-08
  0.00000E+00  0.00000E+00  3.03606E-07  8.41346E-08 -7.45192E-07
  0.00000E+00  0.00000E+00  2.06731E-11  1.11298E-05 -7.90865E-07
  4.32692E-09  2.64423E-10  9.85577E-09  1.85096E-07 -1.37019E-06
  1.44231E-09  9.61538E-11  4.08654E-09  7.69231E-08 -5.76923E-07

  0.00000E+00  0.00000E+00  2.93173E-06 -1.56186E-05  3.78239E-06
  2.38095E-09 -4.76190E-08 -2.38095E-10  0.00000E+00  0.00000E+00
  0.00000E+00  0.00000E+00  1.19048E-07  0.00000E+00  0.00000E+00
  0.00000E+00  0.00000E+00 -4.76190E-08  2.66667E-06 -4.52381E-08
  0.00000E+00  0.00000E+00  1.97381E-06 -2.97619E-06 -1.33333E-04
  0.00000E+00  0.00000E+00  5.05452E-08  7.00714E-04 -1.34762E-05
  4.76190E-09  2.38095E-10  7.14286E-08 -3.14286E-06 -2.05238E-05
  2.38095E-09  0.00000E+00  3.09524E-08 -1.30952E-06 -8.61905E-06

 -2.55949E-02 -4.90548E-02 -9.68617E-02 -2.35937E-01 -4.17328E-01
 -1.54100E-04 -1.74220E-02 -1.08610E-04  0.00000E+00  0.00000E+00
  0.00000E+00 -5.80000E-06 -2.37290E-02 -2.31750E-06 -2.70730E-07
  0.00000E+00  0.00000E+00 -1.17700E-03 -2.18590E-02 -1.89960E-03
  0.00000E+00  0.00000E+00 -6.95000E-05 -2.20000E-03 -9.46100E-02
  0.00000E+00  0.00000E+00 -1.79600E-06 -1.14360E-01 -3.26700E-03
 -2.03200E-04 -1.99000E-06 -1.19500E-04 -9.98000E-04 -2.92000E-04
 -7.49000E-05 -8.20000E-07 -5.01000E-05 -4.18000E-04 -1.23000E-04

 -1.15768E-02 -2.22496E-02 -4.39585E-02 -1.07570E-01 -1.90025E-01
 -6.83000E-05 -7.85700E-03 -4.89500E-05  0.00000E+00  0.00000E+00
  0.00000E+00 -2.80000E-06 -1.07730E-02 -1.05210E-06 -1.22940E-07
  0.00000E+00  0.00000E+00 -4.58000E-04 -9.98800E-03 -8.68100E-04
  0.00000E+00  0.00000E+00 -3.32000E-05 -9.46000E-04 -4.32500E-02
  0.00000E+00  0.00000E+00 -8.18000E-07 -5.20900E-02 -1.45400E-03
 -8.60000E-05 -9.40000E-07 -4.37000E-05 -3.68000E-04 -7.50000E-05
 -3.18000E-05 -3.90000E-07 -1.83000E-05 -1.54000E-04 -3.20000E-05

  7.20139E-03  1.38791E-02  2.75085E-02  6.76107E-02  1.19204E-01
  4.16000E-05  4.87300E-03  3.03400E-05  0.00000E+00  0.00000E+00
  0.00000E+00  1.90000E-06  6.74300E-03  6.58700E-07  7.69800E-08
  0.00000E+00  0.00000E+00  2.44000E-04  6.29400E-03  5.47100E-04
  0.00000E+00  0.00000E+00  2.14000E-05  5.63000E-04  2.72500E-02
  0.00000E+00  0.00000E+00  5.13500E-07  3.27000E-02  8.97000E-04
  5.01000E-05  6.10000E-07  2.18000E-05  1.83000E-04  2.00000E-05
  1.86000E-05  2.50000E-07  9.20000E-06  7.70000E-05  8.00000E-06

  3.67440E-24  4.78620E-24  1.54410E-23  1.88220E-19  2.81590E-18
 -5.06990E-27  6.04400E-25  8.79990E-29  0.00000E+00  0.00000E+00
  0.00000E+00  4.48780E-26  1.53360E-26  0.00000E+00  0.00000E+00
  0.00000E+00  0.00000E+00  4.34390E-22  1.77260E-23  6.82480E-29
  0.00000E+00  0.00000E+00  2.07320E-23  9.43710E-19  1.86400E-20
  0.00000E+00  0.00000E+00  0.00000E+00  3.31730E-20  2.46620E-18
  0.00000E+00  0.00000E+00  0.00000E+00  0.00000E+00  0.00000E+00
  0.00000E+00  0.00000E+00  0.00000E+00  0.00000E+00  0.00000E+00

  4.30130E-24  1.01960E-23  8.01210E-23  3.51320E-21  4.90060E-20
  7.19690E-26  1.19110E-24  7.13810E-29  0.00000E+00  0.00000E+00
  0.00000E+00  1.23280E-24  4.28150E-26  0.00000E+00  0.00000E+00
  0.00000E+00  0.00000E+00  3.40200E-22  2.52610E-26  9.09900E-31
  0.00000E+00  0.00000E+00  2.77360E-26  4.20720E-20  3.33000E-23
  0.00000E+00  0.00000E+00  0.00000E+00  4.43000E-23  5.49720E-20
  0.00000E+00  0.00000E+00  0.00000E+00  0.00000E+00  0.00000E+00
  0.00000E+00  0.00000E+00  0.00000E+00  0.00000E+00  0.00000E+00

   1 fila ,

  0
  2.54517E+00  1.32057E+00  7.87564E-01  4.32749E-01  2.49323E-01
  2.78405E-03  6.35616E-02  5.05989E-04  1.48696E-06  3.37226E-08
  0.00000E+00  2.17753E-03  6.85174E-02  4.01980E-06  3.97233E-07
  0.00000E+00  0.00000E+00  2.92748E-02  4.49325E-02  4.06475E-03
  0.00000E+00  0.00000E+00  2.62568E-03  8.48553E-02  2.28968E-01
  0.00000E+00  0.00000E+00  4.69097E-06  3.42679E-01  1.37401E-01
  6.08976E-03  6.07747E-04  8.52688E-03  7.01709E-02  1.58868E-01
  2.40283E-03  2.61437E-04  3.69541E-03  3.03977E-02  6.88208E-02


 -3.45153E-08  4.54314E-08  1.75692E-06 -8.58912E-07  3.49584E-06
  1.20192E-09 -3.84615E-08 -1.92308E-10  0.00000E+00  0.00000E+00
  0.00000E+00  9.61538E-09  9.85577E-08  9.85577E-12  0.00000E+00
  0.00000E+00  0.00000E+00  1.81250E-06 -2.11538E-07 -2.78846E-08
  0.00000E+00  0.00000E+00  3.96635E-07  1.25000E-07 -3.84615E-07
  0.00000E+00  0.00000E+00  1.85096E-11  1.05529E-05 -1.10096E-06
  3.84615E-09  4.56731E-10  4.87981E-08  2.69231E-07 -2.01923E-06
  1.44231E-09  1.92308E-10  2.06731E-08  1.12981E-07 -8.53365E-07

 -1.13955E-07  4.49988E-07  2.72208E-06  1.70154E-06  7.98985E-06
  0.00000E+00 -2.38095E-08 -2.38095E-10  0.00000E+00  0.00000E+00
  0.00000E+00  2.38095E-09  9.52381E-08  0.00000E+00  0.00000E+00
  0.00000E+00  0.00000E+00 -2.38095E-08  2.35714E-06 -5.95238E-08
  0.00000E+00  0.00000E+00  2.65952E-06 -2.69048E-06 -1.11429E-04
  0.00000E+00  0.00000E+00  5.11381E-08  7.05000E-04 -1.77857E-05
  4.76190E-09  2.38095E-10  1.11905E-07 -3.14286E-06 -3.02381E-05
  2.38095E-09  0.00000E+00  4.76190E-08 -1.30952E-06 -1.26667E-05

 -2.56664E-02 -4.89716E-02 -9.68283E-02 -2.34538E-01 -4.20673E-01
 -1.51600E-04 -1.75420E-02 -1.09290E-04  0.00000E+00  0.00000E+00
  0.00000E+00 -6.40000E-06 -2.35030E-02 -2.29510E-06 -2.67800E-07
  0.00000E+00  0.00000E+00 -1.25300E-03 -2.15920E-02 -1.87760E-03
  0.00000E+00  0.00000E+00 -1.04500E-04 -2.75000E-03 -9.28100E-02
  0.00000E+00  0.00000E+00 -1.81430E-06 -1.15530E-01 -3.43300E-03
 -1.97900E-04 -3.35000E-06 -2.43800E-04 -2.01700E-03 -5.70000E-04
 -7.33000E-05 -1.36000E-06 -1.02500E-04 -8.47000E-04 -2.40000E-04

 -1.16211E-02 -2.22077E-02 -4.39459E-02 -1.07102E-01 -1.91737E-01
 -6.72000E-05 -7.91600E-03 -4.92900E-05  0.00000E+00  0.00000E+00
  0.00000E+00 -3.10000E-06 -1.06670E-02 -1.04160E-06 -1.21570E-07
  0.00000E+00  0.00000E+00 -4.86000E-04 -9.87100E-03 -8.58500E-04
  0.00000E+00  0.00000E+00 -4.73000E-05 -1.15600E-03 -4.25900E-02
  0.00000E+00  0.00000E+00 -8.27400E-07 -5.26900E-02 -1.50000E-03
 -8.40000E-05 -1.57000E-06 -8.87000E-05 -7.54000E-04 -1.40000E-04
 -3.13000E-05 -6.40000E-07 -3.73000E-05 -3.17000E-04 -5.80000E-05

  7.22584E-03  1.38405E-02  2.75096E-02  6.74177E-02  1.20493E-01
  4.10000E-05  4.91400E-03  3.05900E-05  0.00000E+00  0.00000E+00
  0.00000E+00  1.90000E-06  6.67200E-03  6.51600E-07  7.60700E-08
  0.00000E+00  0.00000E+00  2.56000E-04  6.22200E-03  5.41200E-04
  0.00000E+00  0.00000E+00  2.92000E-05  6.71000E-04  2.69300E-02
  0.00000E+00  0.00000E+00  5.20000E-07  3.31100E-02  9.11000E-04
  4.90000E-05  9.90000E-07  4.41000E-05  3.80000E-04  3.00000E-05
  1.83000E-05  4.10000E-07  1.85000E-05  1.59000E-04  1.30000E-05

  3.67440E-24  4.78620E-24  1.54410E-23  1.88220E-19  2.81590E-18
 -5.06990E-27  6.04400E-25  8.79990E-29  0.00000E+00  0.00000E+00
  0.00000E+00  4.48780E-26  1.53360E-26  0.00000E+00  0.00000E+00
  0.00000E+00  0.00000E+00  4.34390E-22  1.77260E-23  6.82480E-29
  0.00000E+00  0.00000E+00  2.07320E-23  9.43710E-19  1.86400E-20
  0.00000E+00  0.00000E+00  0.00000E+00  3.31730E-20  2.46620E-18
  0.00000E+00  0.00000E+00  0.00000E+00  0.00000E+00  0.00000E+00
  0.00000E+00  0.00000E+00  0.00000E+00  0.00000E+00  0.00000E+00

  4.30130E-24  1.01960E-23  8.01210E-23  3.51320E-21  4.90060E-20
  7.19690E-26  1.19110E-24  7.13810E-29  0.00000E+00  0.00000E+00
  0.00000E+00  1.23280E-24  4.28150E-26  0.00000E+00  0.00000E+00
  0.00000E+00  0.00000E+00  3.40200E-22  2.52610E-26  9.09900E-31
  0.00000E+00  0.00000E+00  2.77360E-26  4.20720E-20  3.33000E-23
  0.00000E+00  0.00000E+00  0.00000E+00  4.43000E-23  5.49720E-20
  0.00000E+00  0.00000E+00  0.00000E+00  0.00000E+00  0.00000E+00
  0.00000E+00  0.00000E+00  0.00000E+00  0.00000E+00  0.00000E+00

   1 fila ,

  0
  2.54517E+00  1.32057E+00  7.87564E-01  4.32749E-01  2.49323E-01
  2.78405E-03  6.35616E-02  5.05989E-04  1.48696E-06  3.37226E-08
  0.00000E+00  2.17753E-03  6.85174E-02  4.01980E-06  3.97233E-07
  0.00000E+00  0.00000E+00  2.92748E-02  4.49325E-02  4.06475E-03
  0.00000E+00  0.00000E+00  2.62568E-03  8.48553E-02  2.28968E-01
  0.00000E+00  0.00000E+00  4.69097E-06  3.42679E-01  1.37401E-01
  6.08976E-03  6.07747E-04  8.52688E-03  7.01709E-02  1.58868E-01
  2.40283E-03  2.61437E-04  3.69541E-03  3.03977E-02  6.88208E-02


 -3.45153E-08  4.54314E-08  1.75692E-06 -8.58912E-07  3.49584E-06
  1.20192E-09 -3.84615E-08 -1.92308E-10  0.00000E+00  0.00000E+00
  0.00000E+00  9.61538E-09  9.85577E-08  9.85577E-12  0.00000E+00
  0.00000E+00  0.00000E+00  1.81250E-06 -2.11538E-07 -2.78846E-08
  0.00000E+00  0.00000E+00  3.96635E-07  1.25000E-07 -3.84615E-07
  0.00000E+00  0.00000E+00  1.85096E-11  1.05529E-05 -1.10096E-06
  3.84615E-09  4.56731E-10  4.87981E-08  2.69231E-07 -2.01923E-06
  1.44231E-09  1.92308E-10  2.06731E-08  1.12981E-07 -8.53365E-07

 -1.13955E-07  4.49988E-07  2.72208E-06  1.70154E-06  7.98985E-06
  0.00000E+00 -2.38095E-08 -2.38095E-10  0.00000E+00  0.00000E+00
  0.00000E+00  2.38095E-09  9.52381E-08  0.00000E+00  0.00000E+00
  0.00000E+00  0.00000E+00 -2.38095E-08  2.35714E-06 -5.95238E-08
  0.00000E+00  0.00000E+00  2.65952E-06 -2.69048E-06 -1.11429E-04
  0.00000E+00  0.00000E+00  5.11381E-08  7.05000E-04 -1.77857E-05
  4.76190E-09  2.38095E-10  1.11905E-07 -3.14286E-06 -3.02381E-05
  2.38095E-09  0.00000E+00  4.76190E-08 -1.30952E-06 -1.26667E-05

 -2.56664E-02 -4.89716E-02 -9.68283E-02 -2.34538E-01 -4.20673E-01
 -1.51600E-04 -1.75420E-02 -1.09290E-04  0.00000E+00  0.00000E+00
  0.00000E+00 -6.40000E-06 -2.35030E-02 -2.29510E-06 -2.67800E-07
  0.00000E+00  0.00000E+00 -1.25300E-03 -2.15920E-02 -1.87760E-03
  0.00000E+00  0.00000E+00 -1.04500E-04 -2.75000E-03 -9.28100E-02
  0.00000E+00  0.00000E+00 -1.81430E-06 -1.15530E-01 -3.43300E-03
 -1.97900E-04 -3.35000E-06 -2.43800E-04 -2.01700E-03 -5.70000E-04
 -7.33000E-05 -1.36000E-06 -1.02500E-04 -8.47000E-04 -2.40000E-04

 -1.16211E-02 -2.22077E-02 -4.39459E-02 -1.07102E-01 -1.91737E-01
 -6.72000E-05 -7.91600E-03 -4.92900E-05  0.00000E+00  0.00000E+00
  0.00000E+00 -3.10000E-06 -1.06670E-02 -1.04160E-06 -1.21570E-07
  0.00000E+00  0.00000E+00 -4.86000E-04 -9.87100E-03 -8.58500E-04
  0.00000E+00  0.00000E+00 -4.73000E-05 -1.15600E-03 -4.25900E-02
  0.00000E+00  0.00000E+00 -8.27400E-07 -5.26900E-02 -1.50000E-03
 -8.40000E-05 -1.57000E-06 -8.87000E-05 -7.54000E-04 -1.40000E-04
 -3.13000E-05 -6.40000E-07 -3.73000E-05 -3.17000E-04 -5.80000E-05

  7.22584E-03  1.38405E-02  2.75096E-02  6.74177E-02  1.20493E-01
  4.10000E-05  4.91400E-03  3.05900E-05  0.00000E+00  0.00000E+00
  0.00000E+00  1.90000E-06  6.67200E-03  6.51600E-07  7.60700E-08
  0.00000E+00  0.00000E+00  2.56000E-04  6.22200E-03  5.41200E-04
  0.00000E+00  0.00000E+00  2.92000E-05  6.71000E-04  2.69300E-02
  0.00000E+00  0.00000E+00  5.20000E-07  3.31100E-02  9.11000E-04
  4.90000E-05  9.90000E-07  4.41000E-05  3.80000E-04  3.00000E-05
  1.83000E-05  4.10000E-07  1.85000E-05  1.59000E-04  1.30000E-05

  3.67440E-24  4.78620E-24  1.54410E-23  1.88220E-19  2.81590E-18
 -5.06990E-27  6.04400E-25  8.79990E-29  0.00000E+00  0.00000E+00
  0.00000E+00  4.48780E-26  1.53360E-26  0.00000E+00  0.00000E+00
  0.00000E+00  0.00000E+00  4.34390E-22  1.77260E-23  6.82480E-29
  0.00000E+00  0.00000E+00  2.07320E-23  9.43710E-19  1.86400E-20
  0.00000E+00  0.00000E+00  0.00000E+00  3.31730E-20  2.46620E-18
  0.00000E+00  0.00000E+00  0.00000E+00  0.00000E+00  0.00000E+00
  0.00000E+00  0.00000E+00  0.00000E+00  0.00000E+00  0.00000E+00

  4.30130E-24  1.01960E-23  8.01210E-23  3.51320E-21  4.90060E-20
  7.19690E-26  1.19110E-24  7.13810E-29  0.00000E+00  0.00000E+00
  0.00000E+00  1.23280E-24  4.28150E-26  0.00000E+00  0.00000E+00
  0.00000E+00  0.00000E+00  3.40200E-22  2.52610E-26  9.09900E-31
  0.00000E+00  0.00000E+00  2.77360E-26  4.20720E-20  3.33000E-23
  0.00000E+00  0.00000E+00  0.00000E+00  4.43000E-23  5.49720E-20
  0.00000E+00  0.00000E+00  0.00000E+00  0.00000E+00  0.00000E+00
  0.00000E+00  0.00000E+00  0.00000E+00  0.00000E+00  0.00000E+00

   1 fila ,

  0
  2.54517E+00  1.32057E+00  7.87564E-01  4.32749E-01  2.49323E-01
  2.78405E-03  6.35616E-02  5.05989E-04  1.48696E-06  3.37226E-08
  0.00000E+00  2.17753E-03  6.85174E-02  4.01980E-06  3.97233E-07
  0.00000E+00  0.00000E+00  2.92748E-02  4.49325E-02  4.06475E-03
  0.00000E+00  0.00000E+00  2.62568E-03  8.48553E-02  2.28968E-01
  0.00000E+00  0.00000E+00  4.69097E-06  3.42679E-01  1.37401E-01
  6.08976E-03  6.07747E-04  8.52688E-03  7.01709E-02  1.58868E-01
  2.40283E-03  2.61437E-04  3.69541E-03  3.03977E-02  6.88208E-02


 -2.29068E-08  4.55480E-08  1.81008E-06 -7.42173E-07  3.61238E-06
  1.68269E-09 -4.56731E-08 -2.40385E-10  0.00000E+00  0.00000E+00
  0.00000E+00  9.85577E-09  1.03365E-07  1.00962E-11  0.00000E+00
  0.00000E+00  0.00000E+00  1.85337E-06 -2.35577E-07 -2.95673E-08
  0.00000E+00  0.00000E+00  4.42308E-07  7.21154E-08 -2.88462E-07
  0.00000E+00  0.00000E+00  1.80288E-11  1.01683E-05 -9.85577E-07
  4.56731E-09  4.32692E-10  4.49519E-08  2.52404E-07 -1.97115E-06
  1.68269E-09  1.92308E-10  1.89904E-08  1.05769E-07 -8.24519E-07

 -1.13447E-07  4.51142E-07  2.84895E-06  6.48621E-06  9.63181E-06
  4.76190E-09 -1.19048E-07 -7.14286E-10  0.00000E+00  0.00000E+00
  0.00000E+00  2.38095E-09  2.85714E-07  0.00000E+00  0.00000E+00
  0.00000E+00  0.00000E+00 -2.38095E-08  2.47619E-06 -5.00000E-08
  0.00000E+00  0.00000E+00  3.06667E-06 -2.83333E-06 -1.05238E-04
  0.00000E+00  0.00000E+00  5.17333E-08  7.12619E-04 -1.73810E-05
  1.19048E-08  4.76190E-10  1.16667E-07 -2.50000E-06 -2.90476E-05
  4.76190E-09  2.38095E-10  4.76190E-08 -1.04762E-06 -1.21905E-05

 -2.55951E-02 -4.90604E-02 -9.69201E-02 -2.35511E-01 -4.24290E-01
 -1.54800E-04 -1.74110E-02 -1.08570E-04  0.00000E+00  0.00000E+00
  0.00000E+00 -5.20000E-06 -2.37410E-02 -2.31890E-06 -2.70900E-07
  0.00000E+00  0.00000E+00 -1.27500E-03 -2.17970E-02 -1.89440E-03
  0.00000E+00  0.00000E+00 -1.03300E-04 -2.88600E-03 -9.29300E-02
  0.00000E+00  0.00000E+00 -1.83220E-06 -1.16700E-01 -2.76000E-03
 -2.03700E-04 -3.24000E-06 -2.33500E-04 -2.28600E-03 -8.10000E-04
 -7.50000E-05 -1.32000E-06 -9.81000E-05 -9.59000E-04 -3.39000E-04

 -1.15865E-02 -2.22307E-02 -4.39996E-02 -1.07632E-01 -1.93533E-01
 -6.86000E-05 -7.85900E-03 -4.89700E-05  0.00000E+00  0.00000E+00
  0.00000E+00 -2.60000E-06 -1.07710E-02 -1.05210E-06 -1.22930E-07
  0.00000E+00  0.00000E+00 -4.94000E-04 -9.96100E-03 -8.65900E-04
  0.00000E+00  0.00000E+00 -4.66000E-05 -1.18500E-03 -4.27300E-02
  0.00000E+00  0.00000E+00 -8.36100E-07 -5.32500E-02 -1.23000E-03
 -8.61000E-05 -1.53000E-06 -8.47000E-05 -8.63000E-04 -2.30000E-04
 -3.18000E-05 -6.30000E-07 -3.56000E-05 -3.62000E-04 -9.80000E-05

  7.22411E-03  1.38559E-02  2.75270E-02  6.78092E-02  1.21609E-01
  4.19000E-05  4.88200E-03  3.04000E-05  0.00000E+00  0.00000E+00
  0.00000E+00  1.70000E-06  6.73500E-03  6.57700E-07  7.68500E-08
  0.00000E+00  0.00000E+00  2.59000E-04  6.27300E-03  5.45400E-04
  0.00000E+00  0.00000E+00  2.86000E-05  6.73000E-04  2.70600E-02
  0.00000E+00  0.00000E+00  5.25600E-07  3.34800E-02  7.70000E-04
  5.04000E-05  9.60000E-07  4.16000E-05  4.39000E-04  8.00000E-05
  1.87000E-05  3.90000E-07  1.75000E-05  1.85000E-04  3.50000E-05

  3.66820E-24  4.79290E-24  1.54630E-23  1.72610E-19  2.70850E-18
 -5.60200E-27  6.04880E-25  8.78850E-29  0.00000E+00  0.00000E+00
  0.00000E+00  4.51780E-26  1.55700E-26  0.00000E+00  0.00000E+00
  0.00000E+00  0.00000E+00  4.37440E-22  1.78370E-23  6.87420E-29
  0.00000E+00  0.00000E+00  2.30730E-23  8.83970E-19  1.73000E-20
  0.00000E+00  0.00000E+00  0.00000E+00  3.19240E-20  2.37240E-18
  0.00000E+00  0.00000E+00  0.00000E+00  0.00000E+00  0.00000E+00
  0.00000E+00  0.00000E+00  0.00000E+00  0.00000E+00  0.00000E+00

  4.29080E-24  1.02240E-23  8.02130E-23  3.22420E-21  4.71230E-20
  7.08960E-26  1.18850E-24  7.18280E-29  0.00000E+00  0.00000E+00
  0.00000E+00  1.24110E-24  4.34340E-26  0.00000E+00  0.00000E+00
  0.00000E+00  0.00000E+00  3.42570E-22  2.54190E-26  9.17830E-31
  0.00000E+00  0.00000E+00  3.08690E-26  3.93030E-20  3.09050E-23
  0.00000E+00  0.00000E+00  0.00000E+00  4.26360E-23  5.28810E-20
  0.00000E+00  0.00000E+00  0.00000E+00  0.00000E+00  0.00000E+00
  0.00000E+00  0.00000E+00  0.00000E+00  0.00000E+00  0.00000E+00

   1 fila ,

  0
  2.54517E+00  1.32057E+00  7.87564E-01  4.32749E-01  2.49323E-01
  2.78405E-03  6.35616E-02  5.05989E-04  1.48696E-06  3.37226E-08
  0.00000E+00  2.17753E-03  6.85174E-02  4.01980E-06  3.97233E-07
  0.00000E+00  0.00000E+00  2.92748E-02  4.49325E-02  4.06475E-03
  0.00000E+00  0.00000E+00  2.62568E-03  8.48553E-02  2.28968E-01
  0.00000E+00  0.00000E+00  4.69097E-06  3.42679E-01  1.37401E-01
  6.08976E-03  6.07747E-04  8.52688E-03  7.01709E-02  1.58868E-01
  2.40283E-03  2.61437E-04  3.69541E-03  3.03977E-02  6.88208E-02


 -2.29068E-08  4.55480E-08  1.81008E-06 -7.42173E-07  3.61238E-06
  1.68269E-09 -4.56731E-08 -2.40385E-10  0.00000E+00  0.00000E+00
  0.00000E+00  9.85577E-09  1.03365E-07  1.00962E-11  0.00000E+00
  0.00000E+00  0.00000E+00  1.85337E-06 -2.35577E-07 -2.95673E-08
  0.00000E+00  0.00000E+00  4.42308E-07  7.21154E-08 -2.88462E-07
  0.00000E+00  0.00000E+00  1.80288E-11  1.01683E-05 -9.85577E-07
  4.56731E-09  4.32692E-10  4.49519E-08  2.52404E-07 -1.97115E-06
  1.68269E-09  1.92308E-10  1.89904E-08  1.05769E-07 -8.24519E-07

 -1.13447E-07  4.51142E-07  2.84895E-06  6.48621E-06  9.63181E-06
  4.76190E-09 -1.19048E-07 -7.14286E-10  0.00000E+00  0.00000E+00
  0.00000E+00  2.38095E-09  2.85714E-07  0.00000E+00  0.00000E+00
  0.00000E+00  0.00000E+00 -2.38095E-08  2.47619E-06 -5.00000E-08
  0.00000E+00  0.00000E+00  3.06667E-06 -2.83333E-06 -1.05238E-04
  0.00000E+00  0.00000E+00  5.17333E-08  7.12619E-04 -1.73810E-05
  1.19048E-08  4.76190E-10  1.16667E-07 -2.50000E-06 -2.90476E-05
  4.76190E-09  2.38095E-10  4.76190E-08 -1.04762E-06 -1.21905E-05

 -2.55951E-02 -4.90604E-02 -9.69201E-02 -2.35511E-01 -4.24290E-01
 -1.54800E-04 -1.74110E-02 -1.08570E-04  0.00000E+00  0.00000E+00
  0.00000E+00 -5.20000E-06 -2.37410E-02 -2.31890E-06 -2.70900E-07
  0.00000E+00  0.00000E+00 -1.27500E-03 -2.17970E-02 -1.89440E-03
  0.00000E+00  0.00000E+00 -1.03300E-04 -2.88600E-03 -9.29300E-02
  0.00000E+00  0.00000E+00 -1.83220E-06 -1.16700E-01 -2.76000E-03
 -2.03700E-04 -3.24000E-06 -2.33500E-04 -2.28600E-03 -8.10000E-04
 -7.50000E-05 -1.32000E-06 -9.81000E-05 -9.59000E-04 -3.39000E-04

 -1.15865E-02 -2.22307E-02 -4.39996E-02 -1.07632E-01 -1.93533E-01
 -6.86000E-05 -7.85900E-03 -4.89700E-05  0.00000E+00  0.00000E+00
  0.00000E+00 -2.60000E-06 -1.07710E-02 -1.05210E-06 -1.22930E-07
  0.00000E+00  0.00000E+00 -4.94000E-04 -9.96100E-03 -8.65900E-04
  0.00000E+00  0.00000E+00 -4.66000E-05 -1.18500E-03 -4.27300E-02
  0.00000E+00  0.00000E+00 -8.36100E-07 -5.32500E-02 -1.23000E-03
 -8.61000E-05 -1.53000E-06 -8.47000E-05 -8.63000E-04 -2.30000E-04
 -3.18000E-05 -6.30000E-07 -3.56000E-05 -3.62000E-04 -9.80000E-05

  7.22411E-03  1.38559E-02  2.75270E-02  6.78092E-02  1.21609E-01
  4.19000E-05  4.88200E-03  3.04000E-05  0.00000E+00  0.00000E+00
  0.00000E+00  1.70000E-06  6.73500E-03  6.57700E-07  7.68500E-08
  0.00000E+00  0.00000E+00  2.59000E-04  6.27300E-03  5.45400E-04
  0.00000E+00  0.00000E+00  2.86000E-05  6.73000E-04  2.70600E-02
  0.00000E+00  0.00000E+00  5.25600E-07  3.34800E-02  7.70000E-04
  5.04000E-05  9.60000E-07  4.16000E-05  4.39000E-04  8.00000E-05
  1.87000E-05  3.90000E-07  1.75000E-05  1.85000E-04  3.50000E-05

  3.66820E-24  4.79290E-24  1.54630E-23  1.72610E-19  2.70850E-18
 -5.60200E-27  6.04880E-25  8.78850E-29  0.00000E+00  0.00000E+00
  0.00000E+00  4.51780E-26  1.55700E-26  0.00000E+00  0.00000E+00
  0.00000E+00  0.00000E+00  4.37440E-22  1.78370E-23  6.87420E-29
  0.00000E+00  0.00000E+00  2.30730E-23  8.83970E-19  1.73000E-20
  0.00000E+00  0.00000E+00  0.00000E+00  3.19240E-20  2.37240E-18
  0.00000E+00  0.00000E+00  0.00000E+00  0.00000E+00  0.00000E+00
  0.00000E+00  0.00000E+00  0.00000E+00  0.00000E+00  0.00000E+00

  4.29080E-24  1.02240E-23  8.02130E-23  3.22420E-21  4.71230E-20
  7.08960E-26  1.18850E-24  7.18280E-29  0.00000E+00  0.00000E+00
  0.00000E+00  1.24110E-24  4.34340E-26  0.00000E+00  0.00000E+00
  0.00000E+00  0.00000E+00  3.42570E-22  2.54190E-26  9.17830E-31
  0.00000E+00  0.00000E+00  3.08690E-26  3.93030E-20  3.09050E-23
  0.00000E+00  0.00000E+00  0.00000E+00  4.26360E-23  5.28810E-20
  0.00000E+00  0.00000E+00  0.00000E+00  0.00000E+00  0.00000E+00
  0.00000E+00  0.00000E+00  0.00000E+00  0.00000E+00  0.00000E+00

   1 fila ,

  0
  2.60200E+00  1.35386E+00  8.20806E-01  4.41012E-01  2.60154E-01
  2.59588E-03  6.49922E-02  5.38404E-04  1.24877E-11  2.05431E-13
  0.00000E+00  1.31492E-03  7.16628E-02  4.20879E-06  4.14713E-07
  0.00000E+00  0.00000E+00  1.51703E-02  5.42199E-02  4.85341E-03
  0.00000E+00  0.00000E+00  1.37895E-03  3.05278E-02  2.67020E-01
  0.00000E+00  0.00000E+00  4.77707E-06  3.47340E-01  6.41790E-02
  5.90443E-03  3.55201E-04  5.13305E-03  4.24134E-02  9.27941E-02
  2.33624E-03  1.52779E-04  2.22451E-03  1.83733E-02  4.01979E-02


 -2.33585E-08  9.37989E-08  1.72467E-06 -1.32836E-06  4.05550E-06
  1.20192E-09 -3.84615E-08 -1.92308E-10  0.00000E+00  0.00000E+00
  0.00000E+00  9.85577E-09  9.37500E-08  9.37500E-12  0.00000E+00
  0.00000E+00  0.00000E+00  1.75721E-06 -1.87500E-07 -2.59615E-08
  0.00000E+00  0.00000E+00  3.13221E-07  7.93269E-08 -7.21154E-07
  0.00000E+00  0.00000E+00  2.06731E-11  1.11298E-05 -7.98077E-07
  4.08654E-09  2.64423E-10  9.61538E-09  1.80288E-07 -1.37019E-06
  1.20192E-09  1.20192E-10  4.08654E-09  7.45192E-08 -5.74519E-07

  0.00000E+00  0.00000E+00  2.72774E-06 -1.35691E-05  4.86837E-06
  0.00000E+00 -4.76190E-08 -2.38095E-10  0.00000E+00  0.00000E+00
  0.00000E+00  2.38095E-09  9.52381E-08  0.00000E+00  0.00000E+00
  0.00000E+00  0.00000E+00 -4.76190E-08  2.54762E-06 -4.52381E-08
  0.00000E+00  0.00000E+00  1.93571E-06 -2.92857E-06 -1.26667E-04
  0.00000E+00  0.00000E+00  4.88500E-08  6.77857E-04 -1.35000E-05
  4.76190E-09  0.00000E+00  7.14286E-08 -3.00000E-06 -2.01667E-05
  0.00000E+00  0.00000E+00  2.85714E-08 -1.26190E-06 -8.47619E-06

 -2.46395E-02 -4.72684E-02 -9.35162E-02 -2.27523E-01 -4.03051E-01
 -1.52300E-04 -1.68210E-02 -1.04910E-04  0.00000E+00  0.00000E+00
  0.00000E+00 -5.40000E-06 -2.28910E-02 -2.23570E-06 -2.61200E-07
  0.00000E+00  0.00000E+00 -1.16400E-03 -2.10890E-02 -1.83240E-03
  0.00000E+00  0.00000E+00 -5.96000E-05 -2.17600E-03 -9.11600E-02
  0.00000E+00  0.00000E+00 -1.73490E-06 -1.10450E-01 -3.19200E-03
 -2.07700E-04 -1.92000E-06 -1.21500E-04 -1.02200E-03 -3.39000E-04
 -7.64000E-05 -7.80000E-07 -5.11000E-05 -4.29000E-04 -1.43000E-04

 -1.11529E-02 -2.14272E-02 -4.24493E-02 -1.03754E-01 -1.83514E-01
 -6.73000E-05 -7.58500E-03 -4.72700E-05  0.00000E+00  0.00000E+00
  0.00000E+00 -2.70000E-06 -1.03910E-02 -1.01480E-06 -1.18590E-07
  0.00000E+00  0.00000E+00 -4.54000E-04 -9.63700E-03 -8.37500E-04
  0.00000E+00  0.00000E+00 -2.92000E-05 -9.33000E-04 -4.16900E-02
  0.00000E+00  0.00000E+00 -7.90400E-07 -5.03200E-02 -1.41800E-03
 -8.75000E-05 -9.00000E-07 -4.45000E-05 -3.78000E-04 -9.40000E-05
 -3.23000E-05 -3.60000E-07 -1.87000E-05 -1.59000E-04 -4.00000E-05

  6.95331E-03  1.33669E-02  2.65610E-02  6.52124E-02  1.15190E-01
  4.12000E-05  4.70900E-03  2.93300E-05  0.00000E+00  0.00000E+00
  0.00000E+00  1.70000E-06  6.50200E-03  6.35100E-07  7.42200E-08
  0.00000E+00  0.00000E+00  2.42000E-04  6.07300E-03  5.27700E-04
  0.00000E+00  0.00000E+00  1.93000E-05  5.54000E-04  2.62800E-02
  0.00000E+00  0.00000E+00  4.96100E-07  3.16000E-02  8.73000E-04
  5.14000E-05  5.70000E-07  2.22000E-05  1.89000E-04  2.90000E-05
  1.90000E-05  2.40000E-07  9.30000E-06  7.90000E-05  1.20000E-05

  3.67320E-24  4.79280E-24  1.56020E-23  2.21590E-19  2.95610E-18
 -5.30050E-27  6.04050E-25  8.79580E-29  0.00000E+00  0.00000E+00
  0.00000E+00  4.51720E-26  1.55450E-26  0.00000E+00  0.00000E+00
  0.00000E+00  0.00000E+00  4.51800E-22  1.85070E-23  7.11280E-29
  0.00000E+00  0.00000E+00  1.65990E-23  1.02230E-18  2.05800E-20
  0.00000E+00  0.00000E+00  0.00000E+00  3.38770E-20  2.58860E-18
  0.00000E+00  0.00000E+00  0.00000E+00  0.00000E+00  0.00000E+00
  0.00000E+00  0.00000E+00  0.00000E+00  0.00000E+00  0.00000E+00

  4.30060E-24  1.02230E-23  8.05850E-23  4.13040E-21  5.15080E-20
  7.17250E-26  1.19130E-24  7.12990E-29  0.00000E+00  0.00000E+00
  0.00000E+00  1.24100E-24  4.33670E-26  0.00000E+00  0.00000E+00
  0.00000E+00  0.00000E+00  3.50790E-22  2.63740E-26  9.46210E-31
  0.00000E+00  0.00000E+00  2.22070E-26  4.57700E-20  3.67650E-23
  0.00000E+00  0.00000E+00  0.00000E+00  4.52130E-23  5.72680E-20
  0.00000E+00  0.00000E+00  0.00000E+00  0.00000E+00  0.00000E+00
  0.00000E+00  0.00000E+00  0.00000E+00  0.00000E+00  0.00000E+00

   1 fila ,

  0
  2.60200E+00  1.35386E+00  8.20806E-01  4.41012E-01  2.60154E-01
  2.59588E-03  6.49922E-02  5.38404E-04  1.24877E-11  2.05431E-13
  0.00000E+00  1.31492E-03  7.16628E-02  4.20879E-06  4.14713E-07
  0.00000E+00  0.00000E+00  1.51703E-02  5.42199E-02  4.85341E-03
  0.00000E+00  0.00000E+00  1.37895E-03  3.05278E-02  2.67020E-01
  0.00000E+00  0.00000E+00  4.77707E-06  3.47340E-01  6.41790E-02
  5.90443E-03  3.55201E-04  5.13305E-03  4.24134E-02  9.27941E-02
  2.33624E-03  1.52779E-04  2.22451E-03  1.83733E-02  4.01979E-02


 -2.33496E-08  4.65533E-08  1.77374E-06 -7.98915E-07  3.65967E-06
  1.20192E-09 -3.60577E-08 -1.92308E-10  0.00000E+00  0.00000E+00
  0.00000E+00  9.85577E-09  9.61538E-08  9.61538E-12  0.00000E+00
  0.00000E+00  0.00000E+00  1.80048E-06 -2.06731E-07 -2.71635E-08
  0.00000E+00  0.00000E+00  4.06010E-07  1.22596E-07 -3.60577E-07
  0.00000E+00  0.00000E+00  1.87500E-11  1.05769E-05 -1.09615E-06
  3.60577E-09  4.56731E-10  4.87981E-08  2.64423E-07 -2.01923E-06
  1.20192E-09  1.92308E-10  2.06731E-08  1.10577E-07 -8.48558E-07

  0.00000E+00  0.00000E+00  2.62861E-06  2.91548E-06  1.03549E-05
  0.00000E+00 -2.38095E-08  0.00000E+00  0.00000E+00  0.00000E+00
  0.00000E+00  2.38095E-09  9.52381E-08  0.00000E+00  0.00000E+00
  0.00000E+00  0.00000E+00 -2.38095E-08  2.26190E-06 -5.95238E-08
  0.00000E+00  0.00000E+00  2.62619E-06 -2.61905E-06 -1.06905E-04
  0.00000E+00  0.00000E+00  4.97262E-08  6.85952E-04 -1.77381E-05
  2.38095E-09  2.38095E-10  1.09524E-07 -2.97619E-06 -2.97619E-05
  0.00000E+00  2.38095E-10  4.76190E-08 -1.26190E-06 -1.24762E-05

 -2.48705E-02 -4.74942E-02 -9.40522E-02 -2.27546E-01 -4.08817E-01
 -1.50100E-04 -1.70360E-02 -1.06170E-04  0.00000E+00  0.00000E+00
  0.00000E+00 -6.10000E-06 -2.28090E-02 -2.22730E-06 -2.59920E-07
  0.00000E+00  0.00000E+00 -1.24300E-03 -2.09520E-02 -1.82170E-03
  0.00000E+00  0.00000E+00 -9.49000E-05 -2.73600E-03 -8.99400E-02
  0.00000E+00  0.00000E+00 -1.76320E-06 -1.12260E-01 -3.39300E-03
 -2.01600E-04 -3.25000E-06 -2.47600E-04 -2.04300E-03 -6.50000E-04
 -7.45000E-05 -1.32000E-06 -1.04000E-04 -8.57000E-04 -2.74000E-04

 -1.12538E-02 -2.15371E-02 -4.26885E-02 -1.03924E-01 -1.86392E-01
 -6.63000E-05 -7.68400E-03 -4.78500E-05  0.00000E+00  0.00000E+00
  0.00000E+00 -3.00000E-06 -1.03520E-02 -1.01090E-06 -1.17990E-07
  0.00000E+00  0.00000E+00 -4.83000E-04 -9.57900E-03 -8.33000E-04
  0.00000E+00  0.00000E+00 -4.36000E-05 -1.14800E-03 -4.12900E-02
  0.00000E+00  0.00000E+00 -8.04300E-07 -5.12200E-02 -1.48000E-03
 -8.50000E-05 -1.52000E-06 -9.03000E-05 -7.66000E-04 -1.70000E-04
 -3.15000E-05 -6.20000E-07 -3.80000E-05 -3.21000E-04 -7.30000E-05

  6.99922E-03  1.34383E-02  2.67141E-02  6.54134E-02  1.17049E-01
  4.02000E-05  4.76900E-03  2.96800E-05  0.00000E+00  0.00000E+00
  0.00000E+00  1.90000E-06  6.47600E-03  6.32400E-07  7.38200E-08
  0.00000E+00  0.00000E+00  2.56000E-04  6.03800E-03  5.25100E-04
  0.00000E+00  0.00000E+00  2.72000E-05  6.66000E-04  2.61200E-02
  0.00000E+00  0.00000E+00  5.05500E-07  3.21900E-02  8.96000E-04
  4.92000E-05  9.80000E-07  4.48000E-05  3.88000E-04  5.00000E-05
  1.83000E-05  4.00000E-07  1.88000E-05  1.63000E-04  2.00000E-05

  3.67570E-24  4.78450E-24  1.54240E-23  1.85140E-19  2.81390E-18
 -4.92100E-27  6.03560E-25  8.80040E-29  0.00000E+00  0.00000E+00
  0.00000E+00  4.48770E-26  1.53310E-26  0.00000E+00  0.00000E+00
  0.00000E+00  0.00000E+00  4.32830E-22  1.76560E-23  6.79930E-29
  0.00000E+00  0.00000E+00  2.12200E-23  9.36790E-19  1.84630E-20
  0.00000E+00  0.00000E+00  0.00000E+00  3.32070E-20  2.46440E-18
  0.00000E+00  0.00000E+00  0.00000E+00  0.00000E+00  0.00000E+00
  0.00000E+00  0.00000E+00  0.00000E+00  0.00000E+00  0.00000E+00

  4.30550E-24  1.01930E-23  8.00620E-23  3.45600E-21  4.89890E-20
  7.24130E-26  1.19230E-24  7.09950E-29  0.00000E+00  0.00000E+00
  0.00000E+00  1.23290E-24  4.28010E-26  0.00000E+00  0.00000E+00
  0.00000E+00  0.00000E+00  3.39190E-22  2.51610E-26  9.06680E-31
  0.00000E+00  0.00000E+00  2.83890E-26  4.17420E-20  3.29840E-23
  0.00000E+00  0.00000E+00  0.00000E+00  4.43480E-23  5.49560E-20
  0.00000E+00  0.00000E+00  0.00000E+00  0.00000E+00  0.00000E+00
  0.00000E+00  0.00000E+00  0.00000E+00  0.00000E+00  0.00000E+00

   1 fila ,

  0
  2.60200E+00  1.35386E+00  8.20806E-01  4.41012E-01  2.60154E-01
  2.59588E-03  6.49922E-02  5.38404E-04  1.24877E-11  2.05431E-13
  0.00000E+00  1.31492E-03  7.16628E-02  4.20879E-06  4.14713E-07
  0.00000E+00  0.00000E+00  1.51703E-02  5.42199E-02  4.85341E-03
  0.00000E+00  0.00000E+00  1.37895E-03  3.05278E-02  2.67020E-01
  0.00000E+00  0.00000E+00  4.77707E-06  3.47340E-01  6.41790E-02
  5.90443E-03  3.55201E-04  5.13305E-03  4.24134E-02  9.27941E-02
  2.33624E-03  1.52779E-04  2.22451E-03  1.83733E-02  4.01979E-02


 -2.32519E-08  4.66671E-08  1.80313E-06 -7.26992E-07  3.51367E-06
  1.44231E-09 -4.08654E-08 -2.16346E-10  0.00000E+00  0.00000E+00
  0.00000E+00  1.00962E-08  1.00962E-07  9.85577E-12  0.00000E+00
  0.00000E+00  0.00000E+00  1.84135E-06 -2.30769E-07 -2.90865E-08
  0.00000E+00  0.00000E+00  4.52163E-07  7.45192E-08 -2.64423E-07
  0.00000E+00  0.00000E+00  1.80288E-11  1.01683E-05 -1.00962E-06
  4.32692E-09  4.56731E-10  4.47115E-08  2.47596E-07 -1.97115E-06
  1.44231E-09  1.68269E-10  1.89904E-08  1.03365E-07 -8.24519E-07

 -1.15156E-07  4.62226E-07  2.75624E-06  7.62442E-06  1.07074E-05
  2.38095E-09 -1.19048E-07 -4.76190E-10  0.00000E+00  0.00000E+00
  0.00000E+00  4.76190E-09  2.85714E-07  0.00000E+00  0.00000E+00
  0.00000E+00  0.00000E+00 -2.38095E-08  2.38095E-06 -5.23810E-08
  0.00000E+00  0.00000E+00  3.02857E-06 -2.71429E-06 -1.00714E-04
  0.00000E+00  0.00000E+00  5.03238E-08  6.93571E-04 -1.73810E-05
  1.19048E-08  4.76190E-10  1.14286E-07 -2.35714E-06 -2.85714E-05
  4.76190E-09  2.38095E-10  4.76190E-08 -1.00000E-06 -1.20238E-05

 -2.48079E-02 -4.75286E-02 -9.41485E-02 -2.28534E-01 -4.12414E-01
 -1.53600E-04 -1.69150E-02 -1.05500E-04  0.00000E+00  0.00000E+00
  0.00000E+00 -4.80000E-06 -2.30370E-02 -2.25020E-06 -2.62870E-07
  0.00000E+00  0.00000E+00 -1.26700E-03 -2.11510E-02 -1.83800E-03
  0.00000E+00  0.00000E+00 -9.33000E-05 -2.89800E-03 -9.00500E-02
  0.00000E+00  0.00000E+00 -1.78110E-06 -1.13430E-01 -2.75000E-03
 -2.08200E-04 -3.11000E-06 -2.37100E-04 -2.30700E-03 -8.80000E-04
 -7.66000E-05 -1.27000E-06 -9.96000E-05 -9.68000E-04 -3.73000E-04

 -1.12289E-02 -2.15355E-02 -4.27353E-02 -1.04466E-01 -1.88147E-01
 -6.76000E-05 -7.63000E-03 -4.75600E-05  0.00000E+00  0.00000E+00
  0.00000E+00 -2.40000E-06 -1.04500E-02 -1.02070E-06 -1.19260E-07
  0.00000E+00  0.00000E+00 -4.92000E-04 -9.66600E-03 -8.40200E-04
  0.00000E+00  0.00000E+00 -4.28000E-05 -1.18900E-03 -4.14200E-02
  0.00000E+00  0.00000E+00 -8.12900E-07 -5.17800E-02 -1.22000E-03
 -8.73000E-05 -1.45000E-06 -8.62000E-05 -8.74000E-04 -2.60000E-04
 -3.22000E-05 -6.00000E-07 -3.61000E-05 -3.67000E-04 -1.13000E-04

  6.98527E-03  1.34699E-02  2.67384E-02  6.58172E-02  1.18276E-01
  4.11000E-05  4.73400E-03  2.94900E-05  0.00000E+00  0.00000E+00
  0.00000E+00  1.70000E-06  6.53900E-03  6.38600E-07  7.46200E-08
  0.00000E+00  0.00000E+00  2.58000E-04  6.08800E-03  5.29300E-04
  0.00000E+00  0.00000E+00  2.66000E-05  6.73000E-04  2.62400E-02
  0.00000E+00  0.00000E+00  5.11100E-07  3.25500E-02  7.60000E-04
  5.04000E-05  9.70000E-07  4.24000E-05  4.46000E-04  1.00000E-04
  1.86000E-05  3.90000E-07  1.79000E-05  1.87000E-04  4.20000E-05

  3.67030E-24  4.79140E-24  1.54460E-23  1.69800E-19  2.70650E-18
 -5.41780E-27  6.04030E-25  8.79040E-29  0.00000E+00  0.00000E+00
  0.00000E+00  4.51770E-26  1.55640E-26  0.00000E+00  0.00000E+00
  0.00000E+00  0.00000E+00  4.35840E-22  1.77650E-23  6.84800E-29
  0.00000E+00  0.00000E+00  2.36000E-23  8.76990E-19  1.71230E-20
  0.00000E+00  0.00000E+00  0.00000E+00  3.19540E-20  2.37050E-18
  0.00000E+00  0.00000E+00  0.00000E+00  0.00000E+00  0.00000E+00
  0.00000E+00  0.00000E+00  0.00000E+00  0.00000E+00  0.00000E+00

  4.29600E-24  1.02210E-23  8.01550E-23  3.17230E-21  4.71030E-20
  7.14200E-26  1.19000E-24  7.14160E-29  0.00000E+00  0.00000E+00
  0.00000E+00  1.24110E-24  4.34160E-26  0.00000E+00  0.00000E+00
  0.00000E+00  0.00000E+00  3.41550E-22  2.53160E-26  9.14530E-31
  0.00000E+00  0.00000E+00  3.15730E-26  3.89710E-20  3.05890E-23
  0.00000E+00  0.00000E+00  0.00000E+00  4.26780E-23  5.28620E-20
  0.00000E+00  0.00000E+00  0.00000E+00  0.00000E+00  0.00000E+00
  0.00000E+00  0.00000E+00  0.00000E+00  0.00000E+00  0.00000E+00

   1 fila ,

  0
  2.60200E+00  1.35386E+00  8.20806E-01  4.41012E-01  2.60154E-01
  2.59588E-03  6.49922E-02  5.38404E-04  1.24877E-11  2.05431E-13
  0.00000E+00  1.31492E-03  7.16628E-02  4.20879E-06  4.14713E-07
  0.00000E+00  0.00000E+00  1.51703E-02  5.42199E-02  4.85341E-03
  0.00000E+00  0.00000E+00  1.37895E-03  3.05278E-02  2.67020E-01
  0.00000E+00  0.00000E+00  4.77707E-06  3.47340E-01  6.41790E-02
  5.90443E-03  3.55201E-04  5.13305E-03  4.24134E-02  9.27941E-02
  2.33624E-03  1.52779E-04  2.22451E-03  1.83733E-02  4.01979E-02


 -3.47176E-08  4.67741E-08  1.84462E-06 -6.08599E-07  3.49714E-06
  1.92308E-09 -5.04808E-08 -2.64423E-10  0.00000E+00  0.00000E+00
  0.00000E+00  1.00962E-08  1.00962E-07  9.61538E-12  0.00000E+00
  0.00000E+00  0.00000E+00  1.87740E-06 -2.52404E-07 -3.10096E-08
  0.00000E+00  0.00000E+00  4.99279E-07  2.64423E-08 -1.92308E-07
  0.00000E+00  0.00000E+00  1.73077E-11  9.73558E-06 -9.13462E-07
  5.28846E-09  4.08654E-10  4.06250E-08  2.25962E-07 -1.89904E-06
  1.68269E-09  1.92308E-10  1.70673E-08  9.37500E-08 -7.95673E-07

 -1.14632E-07  4.63287E-07  2.76391E-06  1.16252E-05  1.24688E-05
  7.14286E-09 -1.90476E-07 -9.52381E-10  0.00000E+00  0.00000E+00
  0.00000E+00  4.76190E-09  3.80952E-07  0.00000E+00  0.00000E+00
  0.00000E+00  0.00000E+00  0.00000E+00  2.45238E-06 -4.52381E-08
  0.00000E+00  0.00000E+00  3.46190E-06 -2.52381E-06 -9.45238E-05
  0.00000E+00  0.00000E+00  5.07690E-08  6.99048E-04 -1.73810E-05
  1.90476E-08  7.14286E-10  1.14286E-07 -1.78571E-06 -2.73810E-05
  4.76190E-09  4.76190E-10  4.76190E-08 -7.38095E-07 -1.15714E-05

 -2.47027E-02 -4.75889E-02 -9.42148E-02 -2.29121E-01 -4.15229E-01
 -1.57300E-04 -1.67570E-02 -1.04630E-04  0.00000E+00  0.00000E+00
  0.00000E+00 -4.10000E-06 -2.32570E-02 -2.27200E-06 -2.65720E-07
  0.00000E+00  0.00000E+00 -1.29500E-03 -2.13390E-02 -1.85320E-03
  0.00000E+00  0.00000E+00 -1.01000E-04 -3.39000E-03 -8.97000E-02
  0.00000E+00  0.00000E+00 -1.79420E-06 -1.14290E-01 -2.38000E-03
 -2.15800E-04 -3.06000E-06 -2.27400E-04 -2.45800E-03 -1.02000E-03
 -7.88000E-05 -1.24000E-06 -9.55000E-05 -1.03100E-03 -4.30000E-04

 -1.11880E-02 -2.15665E-02 -4.27721E-02 -1.04776E-01 -1.89537E-01
 -6.94000E-05 -7.56100E-03 -4.71600E-05  0.00000E+00  0.00000E+00
  0.00000E+00 -2.10000E-06 -1.05470E-02 -1.03030E-06 -1.20510E-07
  0.00000E+00  0.00000E+00 -5.02000E-04 -9.74900E-03 -8.46900E-04
  0.00000E+00  0.00000E+00 -4.56000E-05 -1.35800E-03 -4.13400E-02
  0.00000E+00  0.00000E+00 -8.19300E-07 -5.21900E-02 -1.06000E-03
 -9.05000E-05 -1.45000E-06 -8.24000E-05 -9.40000E-04 -3.20000E-04
 -3.32000E-05 -5.90000E-07 -3.46000E-05 -3.94000E-04 -1.36000E-04

  6.98473E-03  1.34801E-02  2.67644E-02  6.60558E-02  1.19182E-01
  4.25000E-05  4.69900E-03  2.92800E-05  0.00000E+00  0.00000E+00
  0.00000E+00  1.40000E-06  6.59400E-03  6.44100E-07  7.53500E-08
  0.00000E+00  0.00000E+00  2.64000E-04  6.13800E-03  5.33400E-04
  0.00000E+00  0.00000E+00  2.79000E-05  7.51000E-04  2.62600E-02
  0.00000E+00  0.00000E+00  5.15300E-07  3.28300E-02  6.60000E-04
  5.28000E-05  9.40000E-07  4.06000E-05  4.84000E-04  1.30000E-04
  1.94000E-05  3.80000E-07  1.71000E-05  2.04000E-04  5.60000E-05

  3.66390E-24  4.79780E-24  1.54630E-23  1.56330E-19  2.59050E-18
 -5.99670E-27  6.04480E-25  8.77890E-29  0.00000E+00  0.00000E+00
  0.00000E+00  4.54540E-26  1.57780E-26  0.00000E+00  0.00000E+00
  0.00000E+00  0.00000E+00  4.38150E-22  1.78440E-23  6.88560E-29
  0.00000E+00  0.00000E+00  2.60440E-23  8.16920E-19  1.57850E-20
  0.00000E+00  0.00000E+00  0.00000E+00  3.06080E-20  2.26910E-18
  0.00000E+00  0.00000E+00  0.00000E+00  0.00000E+00  0.00000E+00
  0.00000E+00  0.00000E+00  0.00000E+00  0.00000E+00  0.00000E+00

  4.28530E-24  1.02470E-23  8.02300E-23  2.92300E-21  4.50690E-20
  7.03000E-26  1.18740E-24  7.18460E-29  0.00000E+00  0.00000E+00
  0.00000E+00  1.24870E-24  4.39850E-26  0.00000E+00  0.00000E+00
  0.00000E+00  0.00000E+00  3.43490E-22  2.54290E-26  9.20940E-31
  0.00000E+00  0.00000E+00  3.48440E-26  3.61920E-20  2.81980E-23
  0.00000E+00  0.00000E+00  0.00000E+00  4.08820E-23  5.06040E-20
  0.00000E+00  0.00000E+00  0.00000E+00  0.00000E+00  0.00000E+00
  0.00000E+00  0.00000E+00  0.00000E+00  0.00000E+00  0.00000E+00

   1 fila ,

  0
  2.54517E+00  1.32057E+00  7.87564E-01  4.32749E-01  2.49323E-01
  2.78405E-03  6.35616E-02  5.05989E-04  1.48696E-06  3.37226E-08
  0.00000E+00  2.17753E-03  6.85174E-02  4.01980E-06  3.97233E-07
  0.00000E+00  0.00000E+00  2.92748E-02  4.49325E-02  4.06475E-03
  0.00000E+00  0.00000E+00  2.62568E-03  8.48553E-02  2.28968E-01
  0.00000E+00  0.00000E+00  4.69097E-06  3.42679E-01  1.37401E-01
  6.08976E-03  6.07747E-04  8.52688E-03  7.01709E-02  1.58868E-01
  2.40283E-03  2.61437E-04  3.69541E-03  3.03977E-02  6.88208E-02


 -2.33585E-08  9.37989E-08  1.72467E-06 -1.32836E-06  4.05550E-06
  1.20192E-09 -3.84615E-08 -1.92308E-10  0.00000E+00  0.00000E+00
  0.00000E+00  9.85577E-09  9.37500E-08  9.37500E-12  0.00000E+00
  0.00000E+00  0.00000E+00  1.75721E-06 -1.87500E-07 -2.59615E-08
  0.00000E+00  0.00000E+00  3.13221E-07  7.93269E-08 -7.21154E-07
  0.00000E+00  0.00000E+00  2.06731E-11  1.11298E-05 -7.98077E-07
  4.08654E-09  2.64423E-10  9.61538E-09  1.80288E-07 -1.37019E-06
  1.20192E-09  1.20192E-10  4.08654E-09  7.45192E-08 -5.74519E-07

  0.00000E+00  0.00000E+00  2.72774E-06 -1.35691E-05  4.86837E-06
  0.00000E+00 -4.76190E-08 -2.38095E-10  0.00000E+00  0.00000E+00
  0.00000E+00  2.38095E-09  9.52381E-08  0.00000E+00  0.00000E+00
  0.00000E+00  0.00000E+00 -4.76190E-08  2.54762E-06 -4.52381E-08
  0.00000E+00  0.00000E+00  1.93571E-06 -2.92857E-06 -1.26667E-04
  0.00000E+00  0.00000E+00  4.88500E-08  6.77857E-04 -1.35000E-05
  4.76190E-09  0.00000E+00  7.14286E-08 -3.00000E-06 -2.01667E-05
  0.00000E+00  0.00000E+00  2.85714E-08 -1.26190E-06 -8.47619E-06

 -2.46395E-02 -4.72684E-02 -9.35162E-02 -2.27523E-01 -4.03051E-01
 -1.52300E-04 -1.68210E-02 -1.04910E-04  0.00000E+00  0.00000E+00
  0.00000E+00 -5.40000E-06 -2.28910E-02 -2.23570E-06 -2.61200E-07
  0.00000E+00  0.00000E+00 -1.16400E-03 -2.10890E-02 -1.83240E-03
  0.00000E+00  0.00000E+00 -5.96000E-05 -2.17600E-03 -9.11600E-02
  0.00000E+00  0.00000E+00 -1.73490E-06 -1.10450E-01 -3.19200E-03
 -2.07700E-04 -1.92000E-06 -1.21500E-04 -1.02200E-03 -3.39000E-04
 -7.64000E-05 -7.80000E-07 -5.11000E-05 -4.29000E-04 -1.43000E-04

 -1.11529E-02 -2.14272E-02 -4.24493E-02 -1.03754E-01 -1.83514E-01
 -6.73000E-05 -7.58500E-03 -4.72700E-05  0.00000E+00  0.00000E+00
  0.00000E+00 -2.70000E-06 -1.03910E-02 -1.01480E-06 -1.18590E-07
  0.00000E+00  0.00000E+00 -4.54000E-04 -9.63700E-03 -8.37500E-04
  0.00000E+00  0.00000E+00 -2.92000E-05 -9.33000E-04 -4.16900E-02
  0.00000E+00  0.00000E+00 -7.90400E-07 -5.03200E-02 -1.41800E-03
 -8.75000E-05 -9.00000E-07 -4.45000E-05 -3.78000E-04 -9.40000E-05
 -3.23000E-05 -3.60000E-07 -1.87000E-05 -1.59000E-04 -4.00000E-05

  6.95331E-03  1.33669E-02  2.65610E-02  6.52124E-02  1.15190E-01
  4.12000E-05  4.70900E-03  2.93300E-05  0.00000E+00  0.00000E+00
  0.00000E+00  1.70000E-06  6.50200E-03  6.35100E-07  7.42200E-08
  0.00000E+00  0.00000E+00  2.42000E-04  6.07300E-03  5.27700E-04
  0.00000E+00  0.00000E+00  1.93000E-05  5.54000E-04  2.62800E-02
  0.00000E+00  0.00000E+00  4.96100E-07  3.16000E-02  8.73000E-04
  5.14000E-05  5.70000E-07  2.22000E-05  1.89000E-04  2.90000E-05
  1.90000E-05  2.40000E-07  9.30000E-06  7.90000E-05  1.20000E-05

  3.67570E-24  4.78450E-24  1.54240E-23  1.85140E-19  2.81390E-18
 -4.92100E-27  6.03560E-25  8.80040E-29  0.00000E+00  0.00000E+00
  0.00000E+00  4.48770E-26  1.53310E-26  0.00000E+00  0.00000E+00
  0.00000E+00  0.00000E+00  4.32830E-22  1.76560E-23  6.79930E-29
  0.00000E+00  0.00000E+00  2.12200E-23  9.36790E-19  1.84630E-20
  0.00000E+00  0.00000E+00  0.00000E+00  3.32070E-20  2.46440E-18
  0.00000E+00  0.00000E+00  0.00000E+00  0.00000E+00  0.00000E+00
  0.00000E+00  0.00000E+00  0.00000E+00  0.00000E+00  0.00000E+00

  4.30550E-24  1.01930E-23  8.00620E-23  3.45600E-21  4.89890E-20
  7.24130E-26  1.19230E-24  7.09950E-29  0.00000E+00  0.00000E+00
  0.00000E+00  1.23290E-24  4.28010E-26  0.00000E+00  0.00000E+00
  0.00000E+00  0.00000E+00  3.39190E-22  2.51610E-26  9.06680E-31
  0.00000E+00  0.00000E+00  2.83890E-26  4.17420E-20  3.29840E-23
  0.00000E+00  0.00000E+00  0.00000E+00  4.43480E-23  5.49560E-20
  0.00000E+00  0.00000E+00  0.00000E+00  0.00000E+00  0.00000E+00
  0.00000E+00  0.00000E+00  0.00000E+00  0.00000E+00  0.00000E+00

   1 fila ,

  0
  2.54517E+00  1.32057E+00  7.87564E-01  4.32749E-01  2.49323E-01
  2.78405E-03  6.35616E-02  5.05989E-04  1.48696E-06  3.37226E-08
  0.00000E+00  2.17753E-03  6.85174E-02  4.01980E-06  3.97233E-07
  0.00000E+00  0.00000E+00  2.92748E-02  4.49325E-02  4.06475E-03
  0.00000E+00  0.00000E+00  2.62568E-03  8.48553E-02  2.28968E-01
  0.00000E+00  0.00000E+00  4.69097E-06  3.42679E-01  1.37401E-01
  6.08976E-03  6.07747E-04  8.52688E-03  7.01709E-02  1.58868E-01
  2.40283E-03  2.61437E-04  3.69541E-03  3.03977E-02  6.88208E-02


 -2.33496E-08  4.65533E-08  1.77374E-06 -7.98915E-07  3.65967E-06
  1.20192E-09 -3.60577E-08 -1.92308E-10  0.00000E+00  0.00000E+00
  0.00000E+00  9.85577E-09  9.61538E-08  9.61538E-12  0.00000E+00
  0.00000E+00  0.00000E+00  1.80048E-06 -2.06731E-07 -2.71635E-08
  0.00000E+00  0.00000E+00  4.06010E-07  1.22596E-07 -3.60577E-07
  0.00000E+00  0.00000E+00  1.87500E-11  1.05769E-05 -1.09615E-06
  3.60577E-09  4.56731E-10  4.87981E-08  2.64423E-07 -2.01923E-06
  1.20192E-09  1.92308E-10  2.06731E-08  1.10577E-07 -8.48558E-07

  0.00000E+00  0.00000E+00  2.62861E-06  2.91548E-06  1.03549E-05
  0.00000E+00 -2.38095E-08  0.00000E+00  0.00000E+00  0.00000E+00
  0.00000E+00  2.38095E-09  9.52381E-08  0.00000E+00  0.00000E+00
  0.00000E+00  0.00000E+00 -2.38095E-08  2.26190E-06 -5.95238E-08
  0.00000E+00  0.00000E+00  2.62619E-06 -2.61905E-06 -1.06905E-04
  0.00000E+00  0.00000E+00  4.97262E-08  6.85952E-04 -1.77381E-05
  2.38095E-09  2.38095E-10  1.09524E-07 -2.97619E-06 -2.97619E-05
  0.00000E+00  2.38095E-10  4.76190E-08 -1.26190E-06 -1.24762E-05

 -2.48705E-02 -4.74942E-02 -9.40522E-02 -2.27546E-01 -4.08817E-01
 -1.50100E-04 -1.70360E-02 -1.06170E-04  0.00000E+00  0.00000E+00
  0.00000E+00 -6.10000E-06 -2.28090E-02 -2.22730E-06 -2.59920E-07
  0.00000E+00  0.00000E+00 -1.24300E-03 -2.09520E-02 -1.82170E-03
  0.00000E+00  0.00000E+00 -9.49000E-05 -2.73600E-03 -8.99400E-02
  0.00000E+00  0.00000E+00 -1.76320E-06 -1.12260E-01 -3.39300E-03
 -2.01600E-04 -3.25000E-06 -2.47600E-04 -2.04300E-03 -6.50000E-04
 -7.45000E-05 -1.32000E-06 -1.04000E-04 -8.57000E-04 -2.74000E-04

 -1.12538E-02 -2.15371E-02 -4.26885E-02 -1.03924E-01 -1.86392E-01
 -6.63000E-05 -7.68400E-03 -4.78500E-05  0.00000E+00  0.00000E+00
  0.00000E+00 -3.00000E-06 -1.03520E-02 -1.01090E-06 -1.17990E-07
  0.00000E+00  0.00000E+00 -4.83000E-04 -9.57900E-03 -8.33000E-04
  0.00000E+00  0.00000E+00 -4.36000E-05 -1.14800E-03 -4.12900E-02
  0.00000E+00  0.00000E+00 -8.04300E-07 -5.12200E-02 -1.48000E-03
 -8.50000E-05 -1.52000E-06 -9.03000E-05 -7.66000E-04 -1.70000E-04
 -3.15000E-05 -6.20000E-07 -3.80000E-05 -3.21000E-04 -7.30000E-05

  6.99922E-03  1.34383E-02  2.67141E-02  6.54134E-02  1.17049E-01
  4.02000E-05  4.76900E-03  2.96800E-05  0.00000E+00  0.00000E+00
  0.00000E+00  1.90000E-06  6.47600E-03  6.32400E-07  7.38200E-08
  0.00000E+00  0.00000E+00  2.56000E-04  6.03800E-03  5.25100E-04
  0.00000E+00  0.00000E+00  2.72000E-05  6.66000E-04  2.61200E-02
  0.00000E+00  0.00000E+00  5.05500E-07  3.21900E-02  8.96000E-04
  4.92000E-05  9.80000E-07  4.48000E-05  3.88000E-04  5.00000E-05
  1.83000E-05  4.00000E-07  1.88000E-05  1.63000E-04  2.00000E-05

  3.67570E-24  4.78450E-24  1.54240E-23  1.85140E-19  2.81390E-18
 -4.92100E-27  6.03560E-25  8.80040E-29  0.00000E+00  0.00000E+00
  0.00000E+00  4.48770E-26  1.53310E-26  0.00000E+00  0.00000E+00
  0.00000E+00  0.00000E+00  4.32830E-22  1.76560E-23  6.79930E-29
  0.00000E+00  0.00000E+00  2.12200E-23  9.36790E-19  1.84630E-20
  0.00000E+00  0.00000E+00  0.00000E+00  3.32070E-20  2.46440E-18
  0.00000E+00  0.00000E+00  0.00000E+00  0.00000E+00  0.00000E+00
  0.00000E+00  0.00000E+00  0.00000E+00  0.00000E+00  0.00000E+00

  4.30550E-24  1.01930E-23  8.00620E-23  3.45600E-21  4.89890E-20
  7.24130E-26  1.19230E-24  7.09950E-29  0.00000E+00  0.00000E+00
  0.00000E+00  1.23290E-24  4.28010E-26  0.00000E+00  0.00000E+00
  0.00000E+00  0.00000E+00  3.39190E-22  2.51610E-26  9.06680E-31
  0.00000E+00  0.00000E+00  2.83890E-26  4.17420E-20  3.29840E-23
  0.00000E+00  0.00000E+00  0.00000E+00  4.43480E-23  5.49560E-20
  0.00000E+00  0.00000E+00  0.00000E+00  0.00000E+00  0.00000E+00
  0.00000E+00  0.00000E+00  0.00000E+00  0.00000E+00  0.00000E+00

   1 fila ,

  0
  2.54517E+00  1.32057E+00  7.87564E-01  4.32749E-01  2.49323E-01
  2.78405E-03  6.35616E-02  5.05989E-04  1.48696E-06  3.37226E-08
  0.00000E+00  2.17753E-03  6.85174E-02  4.01980E-06  3.97233E-07
  0.00000E+00  0.00000E+00  2.92748E-02  4.49325E-02  4.06475E-03
  0.00000E+00  0.00000E+00  2.62568E-03  8.48553E-02  2.28968E-01
  0.00000E+00  0.00000E+00  4.69097E-06  3.42679E-01  1.37401E-01
  6.08976E-03  6.07747E-04  8.52688E-03  7.01709E-02  1.58868E-01
  2.40283E-03  2.61437E-04  3.69541E-03  3.03977E-02  6.88208E-02


 -2.33496E-08  4.65533E-08  1.77374E-06 -7.98915E-07  3.65967E-06
  1.20192E-09 -3.60577E-08 -1.92308E-10  0.00000E+00  0.00000E+00
  0.00000E+00  9.85577E-09  9.61538E-08  9.61538E-12  0.00000E+00
  0.00000E+00  0.00000E+00  1.80048E-06 -2.06731E-07 -2.71635E-08
  0.00000E+00  0.00000E+00  4.06010E-07  1.22596E-07 -3.60577E-07
  0.00000E+00  0.00000E+00  1.87500E-11  1.05769E-05 -1.09615E-06
  3.60577E-09  4.56731E-10  4.87981E-08  2.64423E-07 -2.01923E-06
  1.20192E-09  1.92308E-10  2.06731E-08  1.10577E-07 -8.48558E-07

  0.00000E+00  0.00000E+00  2.62861E-06  2.91548E-06  1.03549E-05
  0.00000E+00 -2.38095E-08  0.00000E+00  0.00000E+00  0.00000E+00
  0.00000E+00  2.38095E-09  9.52381E-08  0.00000E+00  0.00000E+00
  0.00000E+00  0.00000E+00 -2.38095E-08  2.26190E-06 -5.95238E-08
  0.00000E+00  0.00000E+00  2.62619E-06 -2.61905E-06 -1.06905E-04
  0.00000E+00  0.00000E+00  4.97262E-08  6.85952E-04 -1.77381E-05
  2.38095E-09  2.38095E-10  1.09524E-07 -2.97619E-06 -2.97619E-05
  0.00000E+00  2.38095E-10  4.76190E-08 -1.26190E-06 -1.24762E-05

 -2.48705E-02 -4.74942E-02 -9.40522E-02 -2.27546E-01 -4.08817E-01
 -1.50100E-04 -1.70360E-02 -1.06170E-04  0.00000E+00  0.00000E+00
  0.00000E+00 -6.10000E-06 -2.28090E-02 -2.22730E-06 -2.59920E-07
  0.00000E+00  0.00000E+00 -1.24300E-03 -2.09520E-02 -1.82170E-03
  0.00000E+00  0.00000E+00 -9.49000E-05 -2.73600E-03 -8.99400E-02
  0.00000E+00  0.00000E+00 -1.76320E-06 -1.12260E-01 -3.39300E-03
 -2.01600E-04 -3.25000E-06 -2.47600E-04 -2.04300E-03 -6.50000E-04
 -7.45000E-05 -1.32000E-06 -1.04000E-04 -8.57000E-04 -2.74000E-04

 -1.12538E-02 -2.15371E-02 -4.26885E-02 -1.03924E-01 -1.86392E-01
 -6.63000E-05 -7.68400E-03 -4.78500E-05  0.00000E+00  0.00000E+00
  0.00000E+00 -3.00000E-06 -1.03520E-02 -1.01090E-06 -1.17990E-07
  0.00000E+00  0.00000E+00 -4.83000E-04 -9.57900E-03 -8.33000E-04
  0.00000E+00  0.00000E+00 -4.36000E-05 -1.14800E-03 -4.12900E-02
  0.00000E+00  0.00000E+00 -8.04300E-07 -5.12200E-02 -1.48000E-03
 -8.50000E-05 -1.52000E-06 -9.03000E-05 -7.66000E-04 -1.70000E-04
 -3.15000E-05 -6.20000E-07 -3.80000E-05 -3.21000E-04 -7.30000E-05

  6.99922E-03  1.34383E-02  2.67141E-02  6.54134E-02  1.17049E-01
  4.02000E-05  4.76900E-03  2.96800E-05  0.00000E+00  0.00000E+00
  0.00000E+00  1.90000E-06  6.47600E-03  6.32400E-07  7.38200E-08
  0.00000E+00  0.00000E+00  2.56000E-04  6.03800E-03  5.25100E-04
  0.00000E+00  0.00000E+00  2.72000E-05  6.66000E-04  2.61200E-02
  0.00000E+00  0.00000E+00  5.05500E-07  3.21900E-02  8.96000E-04
  4.92000E-05  9.80000E-07  4.48000E-05  3.88000E-04  5.00000E-05
  1.83000E-05  4.00000E-07  1.88000E-05  1.63000E-04  2.00000E-05

  3.67570E-24  4.78450E-24  1.54240E-23  1.85140E-19  2.81390E-18
 -4.92100E-27  6.03560E-25  8.80040E-29  0.00000E+00  0.00000E+00
  0.00000E+00  4.48770E-26  1.53310E-26  0.00000E+00  0.00000E+00
  0.00000E+00  0.00000E+00  4.32830E-22  1.76560E-23  6.79930E-29
  0.00000E+00  0.00000E+00  2.12200E-23  9.36790E-19  1.84630E-20
  0.00000E+00  0.00000E+00  0.00000E+00  3.32070E-20  2.46440E-18
  0.00000E+00  0.00000E+00  0.00000E+00  0.00000E+00  0.00000E+00
  0.00000E+00  0.00000E+00  0.00000E+00  0.00000E+00  0.00000E+00

  4.30550E-24  1.01930E-23  8.00620E-23  3.45600E-21  4.89890E-20
  7.24130E-26  1.19230E-24  7.09950E-29  0.00000E+00  0.00000E+00
  0.00000E+00  1.23290E-24  4.28010E-26  0.00000E+00  0.00000E+00
  0.00000E+00  0.00000E+00  3.39190E-22  2.51610E-26  9.06680E-31
  0.00000E+00  0.00000E+00  2.83890E-26  4.17420E-20  3.29840E-23
  0.00000E+00  0.00000E+00  0.00000E+00  4.43480E-23  5.49560E-20
  0.00000E+00  0.00000E+00  0.00000E+00  0.00000E+00  0.00000E+00
  0.00000E+00  0.00000E+00  0.00000E+00  0.00000E+00  0.00000E+00

   1 fila ,

  0
  2.54517E+00  1.32057E+00  7.87564E-01  4.32749E-01  2.49323E-01
  2.78405E-03  6.35616E-02  5.05989E-04  1.48696E-06  3.37226E-08
  0.00000E+00  2.17753E-03  6.85174E-02  4.01980E-06  3.97233E-07
  0.00000E+00  0.00000E+00  2.92748E-02  4.49325E-02  4.06475E-03
  0.00000E+00  0.00000E+00  2.62568E-03  8.48553E-02  2.28968E-01
  0.00000E+00  0.00000E+00  4.69097E-06  3.42679E-01  1.37401E-01
  6.08976E-03  6.07747E-04  8.52688E-03  7.01709E-02  1.58868E-01
  2.40283E-03  2.61437E-04  3.69541E-03  3.03977E-02  6.88208E-02


 -2.32519E-08  4.66671E-08  1.80313E-06 -7.26992E-07  3.51367E-06
  1.44231E-09 -4.08654E-08 -2.16346E-10  0.00000E+00  0.00000E+00
  0.00000E+00  1.00962E-08  1.00962E-07  9.85577E-12  0.00000E+00
  0.00000E+00  0.00000E+00  1.84135E-06 -2.30769E-07 -2.90865E-08
  0.00000E+00  0.00000E+00  4.52163E-07  7.45192E-08 -2.64423E-07
  0.00000E+00  0.00000E+00  1.80288E-11  1.01683E-05 -1.00962E-06
  4.32692E-09  4.56731E-10  4.47115E-08  2.47596E-07 -1.97115E-06
  1.44231E-09  1.68269E-10  1.89904E-08  1.03365E-07 -8.24519E-07

 -1.15156E-07  4.62226E-07  2.75624E-06  7.62442E-06  1.07074E-05
  2.38095E-09 -1.19048E-07 -4.76190E-10  0.00000E+00  0.00000E+00
  0.00000E+00  4.76190E-09  2.85714E-07  0.00000E+00  0.00000E+00
  0.00000E+00  0.00000E+00 -2.38095E-08  2.38095E-06 -5.23810E-08
  0.00000E+00  0.00000E+00  3.02857E-06 -2.71429E-06 -1.00714E-04
  0.00000E+00  0.00000E+00  5.03238E-08  6.93571E-04 -1.73810E-05
  1.19048E-08  4.76190E-10  1.14286E-07 -2.35714E-06 -2.85714E-05
  4.76190E-09  2.38095E-10  4.76190E-08 -1.00000E-06 -1.20238E-05

 -2.48079E-02 -4.75286E-02 -9.41485E-02 -2.28534E-01 -4.12414E-01
 -1.53600E-04 -1.69150E-02 -1.05500E-04  0.00000E+00  0.00000E+00
  0.00000E+00 -4.80000E-06 -2.30370E-02 -2.25020E-06 -2.62870E-07
  0.00000E+00  0.00000E+00 -1.26700E-03 -2.11510E-02 -1.83800E-03
  0.00000E+00  0.00000E+00 -9.33000E-05 -2.89800E-03 -9.00500E-02
  0.00000E+00  0.00000E+00 -1.78110E-06 -1.13430E-01 -2.75000E-03
 -2.08200E-04 -3.11000E-06 -2.37100E-04 -2.30700E-03 -8.80000E-04
 -7.66000E-05 -1.27000E-06 -9.96000E-05 -9.68000E-04 -3.73000E-04

 -1.12289E-02 -2.15355E-02 -4.27353E-02 -1.04466E-01 -1.88147E-01
 -6.76000E-05 -7.63000E-03 -4.75600E-05  0.00000E+00  0.00000E+00
  0.00000E+00 -2.40000E-06 -1.04500E-02 -1.02070E-06 -1.19260E-07
  0.00000E+00  0.00000E+00 -4.92000E-04 -9.66600E-03 -8.40200E-04
  0.00000E+00  0.00000E+00 -4.28000E-05 -1.18900E-03 -4.14200E-02
  0.00000E+00  0.00000E+00 -8.12900E-07 -5.17800E-02 -1.22000E-03
 -8.73000E-05 -1.45000E-06 -8.62000E-05 -8.74000E-04 -2.60000E-04
 -3.22000E-05 -6.00000E-07 -3.61000E-05 -3.67000E-04 -1.13000E-04

  6.98527E-03  1.34699E-02  2.67384E-02  6.58172E-02  1.18276E-01
  4.11000E-05  4.73400E-03  2.94900E-05  0.00000E+00  0.00000E+00
  0.00000E+00  1.70000E-06  6.53900E-03  6.38600E-07  7.46200E-08
  0.00000E+00  0.00000E+00  2.58000E-04  6.08800E-03  5.29300E-04
  0.00000E+00  0.00000E+00  2.66000E-05  6.73000E-04  2.62400E-02
  0.00000E+00  0.00000E+00  5.11100E-07  3.25500E-02  7.60000E-04
  5.04000E-05  9.70000E-07  4.24000E-05  4.46000E-04  1.00000E-04
  1.86000E-05  3.90000E-07  1.79000E-05  1.87000E-04  4.20000E-05

  3.67030E-24  4.79140E-24  1.54460E-23  1.69800E-19  2.70650E-18
 -5.41780E-27  6.04030E-25  8.79040E-29  0.00000E+00  0.00000E+00
  0.00000E+00  4.51770E-26  1.55640E-26  0.00000E+00  0.00000E+00
  0.00000E+00  0.00000E+00  4.35840E-22  1.77650E-23  6.84800E-29
  0.00000E+00  0.00000E+00  2.36000E-23  8.76990E-19  1.71230E-20
  0.00000E+00  0.00000E+00  0.00000E+00  3.19540E-20  2.37050E-18
  0.00000E+00  0.00000E+00  0.00000E+00  0.00000E+00  0.00000E+00
  0.00000E+00  0.00000E+00  0.00000E+00  0.00000E+00  0.00000E+00

  4.29600E-24  1.02210E-23  8.01550E-23  3.17230E-21  4.71030E-20
  7.14200E-26  1.19000E-24  7.14160E-29  0.00000E+00  0.00000E+00
  0.00000E+00  1.24110E-24  4.34160E-26  0.00000E+00  0.00000E+00
  0.00000E+00  0.00000E+00  3.41550E-22  2.53160E-26  9.14530E-31
  0.00000E+00  0.00000E+00  3.15730E-26  3.89710E-20  3.05890E-23
  0.00000E+00  0.00000E+00  0.00000E+00  4.26780E-23  5.28620E-20
  0.00000E+00  0.00000E+00  0.00000E+00  0.00000E+00  0.00000E+00
  0.00000E+00  0.00000E+00  0.00000E+00  0.00000E+00  0.00000E+00

   1 fila ,

  0
  2.54517E+00  1.32057E+00  7.87564E-01  4.32749E-01  2.49323E-01
  2.78405E-03  6.35616E-02  5.05989E-04  1.48696E-06  3.37226E-08
  0.00000E+00  2.17753E-03  6.85174E-02  4.01980E-06  3.97233E-07
  0.00000E+00  0.00000E+00  2.92748E-02  4.49325E-02  4.06475E-03
  0.00000E+00  0.00000E+00  2.62568E-03  8.48553E-02  2.28968E-01
  0.00000E+00  0.00000E+00  4.69097E-06  3.42679E-01  1.37401E-01
  6.08976E-03  6.07747E-04  8.52688E-03  7.01709E-02  1.58868E-01
  2.40283E-03  2.61437E-04  3.69541E-03  3.03977E-02  6.88208E-02


 -2.32519E-08  4.66671E-08  1.80313E-06 -7.26992E-07  3.51367E-06
  1.44231E-09 -4.08654E-08 -2.16346E-10  0.00000E+00  0.00000E+00
  0.00000E+00  1.00962E-08  1.00962E-07  9.85577E-12  0.00000E+00
  0.00000E+00  0.00000E+00  1.84135E-06 -2.30769E-07 -2.90865E-08
  0.00000E+00  0.00000E+00  4.52163E-07  7.45192E-08 -2.64423E-07
  0.00000E+00  0.00000E+00  1.80288E-11  1.01683E-05 -1.00962E-06
  4.32692E-09  4.56731E-10  4.47115E-08  2.47596E-07 -1.97115E-06
  1.44231E-09  1.68269E-10  1.89904E-08  1.03365E-07 -8.24519E-07

 -1.15156E-07  4.62226E-07  2.75624E-06  7.62442E-06  1.07074E-05
  2.38095E-09 -1.19048E-07 -4.76190E-10  0.00000E+00  0.00000E+00
  0.00000E+00  4.76190E-09  2.85714E-07  0.00000E+00  0.00000E+00
  0.00000E+00  0.00000E+00 -2.38095E-08  2.38095E-06 -5.23810E-08
  0.00000E+00  0.00000E+00  3.02857E-06 -2.71429E-06 -1.00714E-04
  0.00000E+00  0.00000E+00  5.03238E-08  6.93571E-04 -1.73810E-05
  1.19048E-08  4.76190E-10  1.14286E-07 -2.35714E-06 -2.85714E-05
  4.76190E-09  2.38095E-10  4.76190E-08 -1.00000E-06 -1.20238E-05

 -2.48079E-02 -4.75286E-02 -9.41485E-02 -2.28534E-01 -4.12414E-01
 -1.53600E-04 -1.69150E-02 -1.05500E-04  0.00000E+00  0.00000E+00
  0.00000E+00 -4.80000E-06 -2.30370E-02 -2.25020E-06 -2.62870E-07
  0.00000E+00  0.00000E+00 -1.26700E-03 -2.11510E-02 -1.83800E-03
  0.00000E+00  0.00000E+00 -9.33000E-05 -2.89800E-03 -9.00500E-02
  0.00000E+00  0.00000E+00 -1.78110E-06 -1.13430E-01 -2.75000E-03
 -2.08200E-04 -3.11000E-06 -2.37100E-04 -2.30700E-03 -8.80000E-04
 -7.66000E-05 -1.27000E-06 -9.96000E-05 -9.68000E-04 -3.73000E-04

 -1.12289E-02 -2.15355E-02 -4.27353E-02 -1.04466E-01 -1.88147E-01
 -6.76000E-05 -7.63000E-03 -4.75600E-05  0.00000E+00  0.00000E+00
  0.00000E+00 -2.40000E-06 -1.04500E-02 -1.02070E-06 -1.19260E-07
  0.00000E+00  0.00000E+00 -4.92000E-04 -9.66600E-03 -8.40200E-04
  0.00000E+00  0.00000E+00 -4.28000E-05 -1.18900E-03 -4.14200E-02
  0.00000E+00  0.00000E+00 -8.12900E-07 -5.17800E-02 -1.22000E-03
 -8.73000E-05 -1.45000E-06 -8.62000E-05 -8.74000E-04 -2.60000E-04
 -3.22000E-05 -6.00000E-07 -3.61000E-05 -3.67000E-04 -1.13000E-04

  6.98527E-03  1.34699E-02  2.67384E-02  6.58172E-02  1.18276E-01
  4.11000E-05  4.73400E-03  2.94900E-05  0.00000E+00  0.00000E+00
  0.00000E+00  1.70000E-06  6.53900E-03  6.38600E-07  7.46200E-08
  0.00000E+00  0.00000E+00  2.58000E-04  6.08800E-03  5.29300E-04
  0.00000E+00  0.00000E+00  2.66000E-05  6.73000E-04  2.62400E-02
  0.00000E+00  0.00000E+00  5.11100E-07  3.25500E-02  7.60000E-04
  5.04000E-05  9.70000E-07  4.24000E-05  4.46000E-04  1.00000E-04
  1.86000E-05  3.90000E-07  1.79000E-05  1.87000E-04  4.20000E-05

  3.67030E-24  4.79140E-24  1.54460E-23  1.69800E-19  2.70650E-18
 -5.41780E-27  6.04030E-25  8.79040E-29  0.00000E+00  0.00000E+00
  0.00000E+00  4.51770E-26  1.55640E-26  0.00000E+00  0.00000E+00
  0.00000E+00  0.00000E+00  4.35840E-22  1.77650E-23  6.84800E-29
  0.00000E+00  0.00000E+00  2.36000E-23  8.76990E-19  1.71230E-20
  0.00000E+00  0.00000E+00  0.00000E+00  3.19540E-20  2.37050E-18
  0.00000E+00  0.00000E+00  0.00000E+00  0.00000E+00  0.00000E+00
  0.00000E+00  0.00000E+00  0.00000E+00  0.00000E+00  0.00000E+00

  4.29600E-24  1.02210E-23  8.01550E-23  3.17230E-21  4.71030E-20
  7.14200E-26  1.19000E-24  7.14160E-29  0.00000E+00  0.00000E+00
  0.00000E+00  1.24110E-24  4.34160E-26  0.00000E+00  0.00000E+00
  0.00000E+00  0.00000E+00  3.41550E-22  2.53160E-26  9.14530E-31
  0.00000E+00  0.00000E+00  3.15730E-26  3.89710E-20  3.05890E-23
  0.00000E+00  0.00000E+00  0.00000E+00  4.26780E-23  5.28620E-20
  0.00000E+00  0.00000E+00  0.00000E+00  0.00000E+00  0.00000E+00
  0.00000E+00  0.00000E+00  0.00000E+00  0.00000E+00  0.00000E+00

