   1 fila ,

  0
  1.55994E+00  3.68921E-01  6.38199E-03  1.99173E-02  8.31201E-04
  4.39413E-02  3.68121E-03  6.24953E-02  1.52613E-03  2.70727E-02


-2.29519E-08 4.55549E-08
1.44231E-09 -4.08654E-08
0.00000E+00 9.85577E-09
4.32692E-09 2.64423E-10
1.44231E-09 9.61538E-11

0.00000E+00 0.00000E+00
2.38095E-09 -4.76190E-08
0.00000E+00 0.00000E+00
4.76190E-09 2.38095E-10
2.38095E-09 0.00000E+00

-2.55949E-02 -4.90548E-02
-1.54100E-04 -1.74220E-02
0.00000E+00 -5.80000E-06
-2.03200E-04 -1.99000E-06
-7.49000E-05 -8.20000E-07

-1.15768E-02 -2.22496E-02
-6.83000E-05 -7.85700E-03
0.00000E+00 -2.80000E-06
-8.60000E-05 -9.40000E-07
-3.18000E-05 -3.90000E-07

7.20139E-03 1.38791E-02
4.16000E-05 4.87300E-03
0.00000E+00 1.90000E-06
5.01000E-05 6.10000E-07
1.86000E-05 2.50000E-07

3.67080E-24 4.79430E-24
-5.50020E-27 6.05020E-25
0.00000E+00 4.51650E-26
0.00000E+00 0.00000E+00
0.00000E+00 0.00000E+00

4.29450E-24 1.02250E-23
7.11350E-26 1.18960E-24
0.00000E+00 1.24070E-24
0.00000E+00 0.00000E+00
0.00000E+00 0.00000E+00
	
1 fila,

0
  1.55994E+00  3.68921E-01  6.38199E-03  1.99173E-02  8.31201E-04
  4.39413E-02  3.68121E-03  6.24953E-02  1.52613E-03  2.70727E-02


-3.45153E-08 4.54314E-08
1.20192E-09 -3.84615E-08
0.00000E+00 9.61538E-09
3.84615E-09 4.56731E-10
1.44231E-09 1.92308E-10

-1.13955E-07 4.49988E-07
0.00000E+00 -2.38095E-08
0.00000E+00 2.38095E-09
4.76190E-09 2.38095E-10
2.38095E-09 0.00000E+00

-2.56664E-02 -4.89716E-02
-1.51600E-04 -1.75420E-02
0.00000E+00 -6.40000E-06
-1.97900E-04 -3.35000E-06
-7.33000E-05 -1.36000E-06

-1.16211E-02 -2.22077E-02
-6.72000E-05 -7.91600E-03
0.00000E+00 -3.10000E-06
-8.40000E-05 -1.57000E-06
-3.13000E-05 -6.40000E-07

7.22584E-03 1.38405E-02
4.10000E-05 4.91400E-03
0.00000E+00 1.90000E-06
4.90000E-05 9.90000E-07
1.83000E-05 4.10000E-07

3.67440E-24 4.78620E-24
-5.06990E-27 6.04400E-25
0.00000E+00 4.48780E-26
0.00000E+00 0.00000E+00
0.00000E+00 0.00000E+00

4.30130E-24 1.01960E-23
7.19690E-26 1.19110E-24
0.00000E+00 1.23280E-24
0.00000E+00 0.00000E+00
0.00000E+00 0.00000E+00

  

   1 fila ,

  0
  1.55994E+00  3.68921E-01  6.38199E-03  1.99173E-02  8.31201E-04
  4.39413E-02  3.68121E-03  6.24953E-02  1.52613E-03  2.70727E-02


-2.29068E-08 4.55480E-08
1.68269E-09 -4.56731E-08
0.00000E+00 9.85577E-09
4.56731E-09 4.32692E-10
1.68269E-09 1.92308E-10

-1.13447E-07 4.51142E-07
4.76190E-09 -1.19048E-07
0.00000E+00 2.38095E-09
1.19048E-08 4.76190E-10
4.76190E-09 2.38095E-10

-2.55951E-02 -4.90604E-02
-1.54800E-04 -1.74110E-02
0.00000E+00 -5.20000E-06
-2.03700E-04 -3.24000E-06
-7.50000E-05 -1.32000E-06

-1.15865E-02 -2.22307E-02
-6.86000E-05 -7.85900E-03
0.00000E+00 -2.60000E-06
-8.61000E-05 -1.53000E-06
-3.18000E-05 -6.30000E-07

7.22411E-03 1.38559E-02
4.19000E-05 4.88200E-03
0.00000E+00 1.70000E-06
5.04000E-05 9.60000E-07
1.87000E-05 3.90000E-07

3.66820E-24 4.79290E-24
-5.60200E-27 6.04880E-25
0.00000E+00 4.51780E-26
0.00000E+00 0.00000E+00
0.00000E+00 0.00000E+00

4.29080E-24 1.02240E-23
7.08960E-26 1.18850E-24
0.00000E+00 1.24110E-24
0.00000E+00 0.00000E+00
0.00000E+00 0.00000E+00

  1 fila ,

0
  1.55994E+00  3.68921E-01  6.38199E-03  1.99173E-02  8.31201E-04
  4.39413E-02  3.68121E-03  6.24953E-02  1.52613E-03  2.70727E-02


-3.41958E-08 4.56512E-08
1.92308E-09 -5.28846E-08
0.00000E+00 1.00962E-08
5.52885E-09 4.32692E-10
1.92308E-09 1.68269E-10

-1.12900E-07 0.00000E+00
7.14286E-09 -2.14286E-07
0.00000E+00 4.76190E-09
2.14286E-08 7.14286E-10
7.14286E-09 2.38095E-10

-2.54919E-02 -4.90925E-02
-1.58500E-04 -1.72430E-02
0.00000E+00 -4.40000E-06
-2.10900E-04 -3.16000E-06
-7.71000E-05 -1.28000E-06

-1.15419E-02 -2.22440E-02
-7.00000E-05 -7.78100E-03
0.00000E+00 -2.20000E-06
-8.86000E-05 -1.51000E-06
-3.25000E-05 -6.10000E-07

7.20474E-03 1.38860E-02
4.32000E-05 4.84200E-03
0.00000E+00 1.50000E-06
5.24000E-05 9.60000E-07
1.93000E-05 4.00000E-07

3.66150E-24 4.79930E-24
-6.22600E-27 6.05410E-25
0.00000E+00 4.54570E-26
0.00000E+00 0.00000E+00
0.00000E+00 0.00000E+00

4.27940E-24 1.02500E-23
6.96880E-26 1.18580E-24
0.00000E+00 1.24870E-24
0.00000E+00 0.00000E+00
0.00000E+00 0.00000E+00


  
   1 fila ,

  0
  1.49831E+00  3.71218E-01  1.15976E-02  1.67135E-02  1.74646E-03
  1.02482E-01  4.91817E-03  9.99247E-02  2.06134E-03  4.32869E-02


-2.29519E-08 4.55549E-08
1.44231E-09 -4.08654E-08
0.00000E+00 9.85577E-09
4.32692E-09 2.64423E-10
1.44231E-09 9.61538E-11

0.00000E+00 0.00000E+00
2.38095E-09 -4.76190E-08
0.00000E+00 0.00000E+00
4.76190E-09 2.38095E-10
2.38095E-09 0.00000E+00

-2.55949E-02 -4.90548E-02
-1.54100E-04 -1.74220E-02
0.00000E+00 -5.80000E-06
-2.03200E-04 -1.99000E-06
-7.49000E-05 -8.20000E-07

-1.15768E-02 -2.22496E-02
-6.83000E-05 -7.85700E-03
0.00000E+00 -2.80000E-06
-8.60000E-05 -9.40000E-07
-3.18000E-05 -3.90000E-07

7.20139E-03 1.38791E-02
4.16000E-05 4.87300E-03
0.00000E+00 1.90000E-06
5.01000E-05 6.10000E-07
1.86000E-05 2.50000E-07

3.67440E-24 4.78620E-24
-5.06990E-27 6.04400E-25
0.00000E+00 4.48780E-26
0.00000E+00 0.00000E+00
0.00000E+00 0.00000E+00

4.30130E-24 1.01960E-23
7.19690E-26 1.19110E-24
0.00000E+00 1.23280E-24
0.00000E+00 0.00000E+00
0.00000E+00 0.00000E+00


   1 fila ,

  0
 1.49831E+00  3.71218E-01  1.15976E-02  1.67135E-02  1.74646E-03
  1.02482E-01  4.91817E-03  9.99247E-02  2.06134E-03  4.32869E-02


-3.45153E-08 4.54314E-08
1.20192E-09 -3.84615E-08
0.00000E+00 9.61538E-09
3.84615E-09 4.56731E-10
1.44231E-09 1.92308E-10

-1.13955E-07 4.49988E-07
0.00000E+00 -2.38095E-08
0.00000E+00 2.38095E-09
4.76190E-09 2.38095E-10
2.38095E-09 0.00000E+00

-2.56664E-02 -4.89716E-02
-1.51600E-04 -1.75420E-02
0.00000E+00 -6.40000E-06
-1.97900E-04 -3.35000E-06
-7.33000E-05 -1.36000E-06

-1.16211E-02 -2.22077E-02
-6.72000E-05 -7.91600E-03
0.00000E+00 -3.10000E-06
-8.40000E-05 -1.57000E-06
-3.13000E-05 -6.40000E-07

7.22584E-03 1.38405E-02
4.10000E-05 4.91400E-03
0.00000E+00 1.90000E-06
4.90000E-05 9.90000E-07
1.83000E-05 4.10000E-07

3.67440E-24 4.78620E-24
-5.06990E-27 6.04400E-25
0.00000E+00 4.48780E-26
0.00000E+00 0.00000E+00
0.00000E+00 0.00000E+00

4.30130E-24 1.01960E-23
7.19690E-26 1.19110E-24
0.00000E+00 1.23280E-24
0.00000E+00 0.00000E+00
0.00000E+00 0.00000E+00


   1 fila ,

  0
  1.49831E+00  3.71218E-01  1.15976E-02  1.67135E-02  1.74646E-03
  1.02482E-01  4.91817E-03  9.99247E-02  2.06134E-03  4.32869E-02


-3.45153E-08 4.54314E-08
1.20192E-09 -3.84615E-08
0.00000E+00 9.61538E-09
3.84615E-09 4.56731E-10
1.44231E-09 1.92308E-10

-1.13955E-07 4.49988E-07
0.00000E+00 -2.38095E-08
0.00000E+00 2.38095E-09
4.76190E-09 2.38095E-10
2.38095E-09 0.00000E+00

-2.56664E-02 -4.89716E-02
-1.51600E-04 -1.75420E-02
0.00000E+00 -6.40000E-06
-1.97900E-04 -3.35000E-06
-7.33000E-05 -1.36000E-06

-1.16211E-02 -2.22077E-02
-6.72000E-05 -7.91600E-03
0.00000E+00 -3.10000E-06
-8.40000E-05 -1.57000E-06
-3.13000E-05 -6.40000E-07

7.22584E-03 1.38405E-02
4.10000E-05 4.91400E-03
0.00000E+00 1.90000E-06
4.90000E-05 9.90000E-07
1.83000E-05 4.10000E-07

3.67440E-24 4.78620E-24
-5.06990E-27 6.04400E-25
0.00000E+00 4.48780E-26
0.00000E+00 0.00000E+00
0.00000E+00 0.00000E+00

4.30130E-24 1.01960E-23
7.19690E-26 1.19110E-24
0.00000E+00 1.23280E-24
0.00000E+00 0.00000E+00
0.00000E+00 0.00000E+00

 
   1 fila ,

  0
  1.49831E+00  3.71218E-01  1.15976E-02  1.67135E-02  1.74646E-03
  1.02482E-01  4.91817E-03  9.99247E-02  2.06134E-03  4.32869E-02


-2.29068E-08 4.55480E-08
1.68269E-09 -4.56731E-08
0.00000E+00 9.85577E-09
4.56731E-09 4.32692E-10
1.68269E-09 1.92308E-10

-1.13447E-07 4.51142E-07
4.76190E-09 -1.19048E-07
0.00000E+00 2.38095E-09
1.19048E-08 4.76190E-10
4.76190E-09 2.38095E-10

-2.55951E-02 -4.90604E-02
-1.54800E-04 -1.74110E-02
0.00000E+00 -5.20000E-06
-2.03700E-04 -3.24000E-06
-7.50000E-05 -1.32000E-06

-1.15865E-02 -2.22307E-02
-6.86000E-05 -7.85900E-03
0.00000E+00 -2.60000E-06
-8.61000E-05 -1.53000E-06
-3.18000E-05 -6.30000E-07

7.22411E-03 1.38559E-02
4.19000E-05 4.88200E-03
0.00000E+00 1.70000E-06
5.04000E-05 9.60000E-07
1.87000E-05 3.90000E-07

3.66820E-24 4.79290E-24
-5.60200E-27 6.04880E-25
0.00000E+00 4.51780E-26
0.00000E+00 0.00000E+00
0.00000E+00 0.00000E+00

4.29080E-24 1.02240E-23
7.08960E-26 1.18850E-24
0.00000E+00 1.24110E-24
0.00000E+00 0.00000E+00
0.00000E+00 0.00000E+00

  1 fila ,

  0
  1.49831E+00  3.71218E-01  1.15976E-02  1.67135E-02  1.74646E-03
  1.02482E-01  4.91817E-03  9.99247E-02  2.06134E-03  4.32869E-02


-2.29068E-08 4.55480E-08
1.68269E-09 -4.56731E-08
0.00000E+00 9.85577E-09
4.56731E-09 4.32692E-10
1.68269E-09 1.92308E-10

-1.13447E-07 4.51142E-07
4.76190E-09 -1.19048E-07
0.00000E+00 2.38095E-09
1.19048E-08 4.76190E-10
4.76190E-09 2.38095E-10

-2.55951E-02 -4.90604E-02
-1.54800E-04 -1.74110E-02
0.00000E+00 -5.20000E-06
-2.03700E-04 -3.24000E-06
-7.50000E-05 -1.32000E-06

-1.15865E-02 -2.22307E-02
-6.86000E-05 -7.85900E-03
0.00000E+00 -2.60000E-06
-8.61000E-05 -1.53000E-06
-3.18000E-05 -6.30000E-07

7.22411E-03 1.38559E-02
4.19000E-05 4.88200E-03
0.00000E+00 1.70000E-06
5.04000E-05 9.60000E-07
1.87000E-05 3.90000E-07

3.66820E-24 4.79290E-24
-5.60200E-27 6.04880E-25
0.00000E+00 4.51780E-26
0.00000E+00 0.00000E+00
0.00000E+00 0.00000E+00

4.29080E-24 1.02240E-23
7.08960E-26 1.18850E-24
0.00000E+00 1.24110E-24
0.00000E+00 0.00000E+00
0.00000E+00 0.00000E+00

  

   1 fila ,

  0
  1.55994E+00  3.68921E-01  6.38199E-03  1.99173E-02  8.31201E-04
  4.39413E-02  3.68121E-03  6.24953E-02  1.52613E-03  2.70727E-02


-2.33585E-08 9.37989E-08
1.20192E-09 -3.84615E-08
0.00000E+00 9.85577E-09
4.08654E-09 2.64423E-10
1.20192E-09 1.20192E-10

0.00000E+00 0.00000E+00
0.00000E+00 -4.76190E-08
0.00000E+00 2.38095E-09
4.76190E-09 0.00000E+00
0.00000E+00 0.00000E+00

-2.46395E-02 -4.72684E-02
-1.52300E-04 -1.68210E-02
0.00000E+00 -5.40000E-06
-2.07700E-04 -1.92000E-06
-7.64000E-05 -7.80000E-07

-1.11529E-02 -2.14272E-02
-6.73000E-05 -7.58500E-03
0.00000E+00 -2.70000E-06
-8.75000E-05 -9.00000E-07
-3.23000E-05 -3.60000E-07

6.95331E-03 1.33669E-02
4.12000E-05 4.70900E-03
0.00000E+00 1.70000E-06
5.14000E-05 5.70000E-07
1.90000E-05 2.40000E-07

3.67320E-24 4.79280E-24
-5.30050E-27 6.04050E-25
0.00000E+00 4.51720E-26
0.00000E+00 0.00000E+00
0.00000E+00 0.00000E+00

4.30060E-24 1.02230E-23
7.17250E-26 1.19130E-24
0.00000E+00 1.24100E-24
0.00000E+00 0.00000E+00
0.00000E+00 0.00000E+00

  
   1 fila ,

  0
  1.55994E+00  3.68921E-01  6.38199E-03  1.99173E-02  8.31201E-04
  4.39413E-02  3.68121E-03  6.24953E-02  1.52613E-03  2.70727E-02


-2.33496E-08 4.65533E-08
1.20192E-09 -3.60577E-08
0.00000E+00 9.85577E-09
3.60577E-09 4.56731E-10
1.20192E-09 1.92308E-10

0.00000E+00 0.00000E+00
0.00000E+00 -2.38095E-08
0.00000E+00 2.38095E-09
2.38095E-09 2.38095E-10
0.00000E+00 2.38095E-10

-2.48705E-02 -4.74942E-02
-1.50100E-04 -1.70360E-02
0.00000E+00 -6.10000E-06
-2.01600E-04 -3.25000E-06
-7.45000E-05 -1.32000E-06

-1.12538E-02 -2.15371E-02
-6.63000E-05 -7.68400E-03
0.00000E+00 -3.00000E-06
-8.50000E-05 -1.52000E-06
-3.15000E-05 -6.20000E-07

6.99922E-03 1.34383E-02
4.02000E-05 4.76900E-03
0.00000E+00 1.90000E-06
4.92000E-05 9.80000E-07
1.83000E-05 4.00000E-07

3.67570E-24 4.78450E-24
-4.92100E-27 6.03560E-25
0.00000E+00 4.48770E-26
0.00000E+00 0.00000E+00
0.00000E+00 0.00000E+00

4.30550E-24 1.01930E-23
7.24130E-26 1.19230E-24
0.00000E+00 1.23290E-24
0.00000E+00 0.00000E+00
0.00000E+00 0.00000E+00


   1 fila ,

  0
  1.55994E+00  3.68921E-01  6.38199E-03  1.99173E-02  8.31201E-04
  4.39413E-02  3.68121E-03  6.24953E-02  1.52613E-03  2.70727E-02


-2.32519E-08 4.66671E-08
1.44231E-09 -4.08654E-08
0.00000E+00 1.00962E-08
4.32692E-09 4.56731E-10
1.44231E-09 1.68269E-10

-1.15156E-07 4.62226E-07
2.38095E-09 -1.19048E-07
0.00000E+00 4.76190E-09
1.19048E-08 4.76190E-10
4.76190E-09 2.38095E-10

-2.48079E-02 -4.75286E-02
-1.53600E-04 -1.69150E-02
0.00000E+00 -4.80000E-06
-2.08200E-04 -3.11000E-06
-7.66000E-05 -1.27000E-06

-1.12289E-02 -2.15355E-02
-6.76000E-05 -7.63000E-03
0.00000E+00 -2.40000E-06
-8.73000E-05 -1.45000E-06
-3.22000E-05 -6.00000E-07

6.98527E-03 1.34699E-02
4.11000E-05 4.73400E-03
0.00000E+00 1.70000E-06
5.04000E-05 9.70000E-07
1.86000E-05 3.90000E-07

3.67030E-24 4.79140E-24
-5.41780E-27 6.04030E-25
0.00000E+00 4.51770E-26
0.00000E+00 0.00000E+00
0.00000E+00 0.00000E+00

4.29600E-24 1.02210E-23
7.14200E-26 1.19000E-24
0.00000E+00 1.24110E-24
0.00000E+00 0.00000E+00
0.00000E+00 0.00000E+00

  

   1 fila ,

  0
  1.55994E+00  3.68921E-01  6.38199E-03  1.99173E-02  8.31201E-04
  4.39413E-02  3.68121E-03  6.24953E-02  1.52613E-03  2.70727E-02


-3.47176E-08 4.67741E-08
1.92308E-09 -5.04808E-08
0.00000E+00 1.00962E-08
5.28846E-09 4.08654E-10
1.68269E-09 1.92308E-10

-1.14632E-07 4.63287E-07
7.14286E-09 -1.90476E-07
0.00000E+00 4.76190E-09
1.90476E-08 7.14286E-10
4.76190E-09 4.76190E-10

-2.47027E-02 -4.75889E-02
-1.57300E-04 -1.67570E-02
0.00000E+00 -4.10000E-06
-2.15800E-04 -3.06000E-06
-7.88000E-05 -1.24000E-06

-1.11880E-02 -2.15665E-02
-6.94000E-05 -7.56100E-03
0.00000E+00 -2.10000E-06
-9.05000E-05 -1.45000E-06
-3.32000E-05 -5.90000E-07

6.98473E-03 1.34801E-02
4.25000E-05 4.69900E-03
0.00000E+00 1.40000E-06
5.28000E-05 9.40000E-07
1.94000E-05 3.80000E-07

3.66390E-24 4.79780E-24
-5.99670E-27 6.04480E-25
0.00000E+00 4.54540E-26
0.00000E+00 0.00000E+00
0.00000E+00 0.00000E+00

4.28530E-24 1.02470E-23
7.03000E-26 1.18740E-24
0.00000E+00 1.24870E-24
0.00000E+00 0.00000E+00
0.00000E+00 0.00000E+00
   
   1 fila ,
0
1.49831E+00  3.71218E-01  1.15976E-02  1.67135E-02  1.74646E-03
  1.02482E-01  4.91817E-03  9.99247E-02  2.06134E-03  4.32869E-02


1.20192E-09 -3.84615E-08
0.00000E+00 9.85577E-09
4.08654E-09 2.64423E-10
1.20192E-09 1.20192E-10
0.00000E+00 0.00000E+00

0.00000E+00 0.00000E+00
0.00000E+00 -4.76190E-08
0.00000E+00 2.38095E-09
4.76190E-09 0.00000E+00
0.00000E+00 0.00000E+00

-2.46395E-02 -4.72684E-02
-1.52300E-04 -1.68210E-02
0.00000E+00 -5.40000E-06
-2.07700E-04 -1.92000E-06
-7.64000E-05 -7.80000E-07

-1.11529E-02 -2.14272E-02
-6.73000E-05 -7.58500E-03
0.00000E+00 -2.70000E-06
-8.75000E-05 -9.00000E-07
-3.23000E-05 -3.60000E-07

6.95331E-03 1.33669E-02
4.12000E-05 4.70900E-03
0.00000E+00 1.70000E-06
5.14000E-05 5.70000E-07
1.90000E-05 2.40000E-07

3.67570E-24 4.78450E-24
-4.92100E-27 6.03560E-25
0.00000E+00 4.48770E-26
0.00000E+00 0.00000E+00
0.00000E+00 0.00000E+00

4.30550E-24 1.01930E-23
7.24130E-26 1.19230E-24
0.00000E+00 1.23290E-24
0.00000E+00 0.00000E+00
0.00000E+00 0.00000E+00
  
  1 fila ,

0
1.49831E+00  3.71218E-01  1.15976E-02  1.67135E-02  1.74646E-03
  1.02482E-01  4.91817E-03  9.99247E-02  2.06134E-03  4.32869E-02

-2.33496E-08 4.65533E-08
1.20192E-09 -3.60577E-08
0.00000E+00 9.85577E-09
3.60577E-09 4.56731E-10
1.20192E-09 1.92308E-10

0.00000E+00 0.00000E+00
0.00000E+00 -2.38095E-08
0.00000E+00 2.38095E-09
2.38095E-09 2.38095E-10
0.00000E+00 2.38095E-10

-2.48705E-02 -4.74942E-02
-1.50100E-04 -1.70360E-02
0.00000E+00 -6.10000E-06
-2.01600E-04 -3.25000E-06
-7.45000E-05 -1.32000E-06

-1.12538E-02 -2.15371E-02
-6.63000E-05 -7.68400E-03
0.00000E+00 -3.00000E-06
-8.50000E-05 -1.52000E-06
-3.15000E-05 -6.20000E-07

6.99922E-03 1.34383E-02
4.02000E-05 4.76900E-03
0.00000E+00 1.90000E-06
4.92000E-05 9.80000E-07
1.83000E-05 4.00000E-07

3.67570E-24 4.78450E-24
-4.92100E-27 6.03560E-25
0.00000E+00 4.48770E-26
0.00000E+00 0.00000E+00
0.00000E+00 0.00000E+00

4.30550E-24 1.01930E-23
7.24130E-26 1.19230E-24
0.00000E+00 1.23290E-24
0.00000E+00 0.00000E+00
0.00000E+00 0.00000E+00

   

   1 fila ,

  0
  1.49831E+00  3.71218E-01  1.15976E-02  1.67135E-02  1.74646E-03
  1.02482E-01  4.91817E-03  9.99247E-02  2.06134E-03  4.32869E-02


-2.33496E-08 4.65533E-08
1.20192E-09 -3.60577E-08
0.00000E+00 9.85577E-09
3.60577E-09 4.56731E-10
1.20192E-09 1.92308E-10

0.00000E+00 0.00000E+00
0.00000E+00 -2.38095E-08
0.00000E+00 2.38095E-09
2.38095E-09 2.38095E-10
0.00000E+00 2.38095E-10

-2.48705E-02 -4.74942E-02
-1.50100E-04 -1.70360E-02
0.00000E+00 -6.10000E-06
-2.01600E-04 -3.25000E-06
-7.45000E-05 -1.32000E-06

-1.12538E-02 -2.15371E-02
-6.63000E-05 -7.68400E-03
0.00000E+00 -3.00000E-06
-8.50000E-05 -1.52000E-06
-3.15000E-05 -6.20000E-07

6.99922E-03 1.34383E-02
4.02000E-05 4.76900E-03
0.00000E+00 1.90000E-06
4.92000E-05 9.80000E-07
1.83000E-05 4.00000E-07

3.67570E-24 4.78450E-24
-4.92100E-27 6.03560E-25
0.00000E+00 4.48770E-26
0.00000E+00 0.00000E+00
0.00000E+00 0.00000E+00

4.30550E-24 1.01930E-23
7.24130E-26 1.19230E-24
0.00000E+00 1.23290E-24
0.00000E+00 0.00000E+00
0.00000E+00 0.00000E+00

  1 fila ,

0
  1.49831E+00  3.71218E-01  1.15976E-02  1.67135E-02  1.74646E-03
  1.02482E-01  4.91817E-03  9.99247E-02  2.06134E-03  4.32869E-02


-2.32519E-08 4.66671E-08
1.44231E-09 -4.08654E-08
0.00000E+00 1.00962E-08
4.32692E-09 4.56731E-10
1.44231E-09 1.68269E-10

-1.15156E-07 4.62226E-07
2.38095E-09 -1.19048E-07
0.00000E+00 4.76190E-09
1.19048E-08 4.76190E-10
4.76190E-09 2.38095E-10

-2.48079E-02 -4.75286E-02
-1.53600E-04 -1.69150E-02
0.00000E+00 -4.80000E-06
-2.08200E-04 -3.11000E-06
-7.66000E-05 -1.27000E-06

-1.12289E-02 -2.15355E-02
-6.76000E-05 -7.63000E-03
0.00000E+00 -2.40000E-06
-8.73000E-05 -1.45000E-06
-3.22000E-05 -6.00000E-07

6.98527E-03 1.34699E-02
4.11000E-05 4.73400E-03
0.00000E+00 1.70000E-06
5.04000E-05 9.70000E-07
1.86000E-05 3.90000E-07

3.67030E-24 4.79140E-24
-5.41780E-27 6.04030E-25
0.00000E+00 4.51770E-26
0.00000E+00 0.00000E+00
0.00000E+00 0.00000E+00

4.29600E-24 1.02210E-23
7.14200E-26 1.19000E-24
0.00000E+00 1.24110E-24
0.00000E+00 0.00000E+00
0.00000E+00 0.00000E+00


  

   1 fila ,

  0
  1.49831E+00  3.71218E-01  1.15976E-02  1.67135E-02  1.74646E-03
  1.02482E-01  4.91817E-03  9.99247E-02  2.06134E-03  4.32869E-02

-2.32519E-08 4.66671E-08
1.44231E-09 -4.08654E-08
0.00000E+00 1.00962E-08
4.32692E-09 4.56731E-10
1.44231E-09 1.68269E-10

-1.15156E-07 4.62226E-07
2.38095E-09 -1.19048E-07
0.00000E+00 4.76190E-09
1.19048E-08 4.76190E-10
4.76190E-09 2.38095E-10

-2.48079E-02 -4.75286E-02
-1.53600E-04 -1.69150E-02
0.00000E+00 -4.80000E-06
-2.08200E-04 -3.11000E-06
-7.66000E-05 -1.27000E-06

-1.12289E-02 -2.15355E-02
-6.76000E-05 -7.63000E-03
0.00000E+00 -2.40000E-06
-8.73000E-05 -1.45000E-06
-3.22000E-05 -6.00000E-07

6.98527E-03 1.34699E-02
4.11000E-05 4.73400E-03
0.00000E+00 1.70000E-06
5.04000E-05 9.70000E-07
1.86000E-05 3.90000E-07

3.67030E-24 4.79140E-24
-5.41780E-27 6.04030E-25
0.00000E+00 4.51770E-26
0.00000E+00 0.00000E+00
0.00000E+00 0.00000E+00

4.29600E-24 1.02210E-23
7.14200E-26 1.19000E-24
0.00000E+00 1.24110E-24
0.00000E+00 0.00000E+00
0.00000E+00 0.00000E+00

  
