*****************************************************
* Caso de prueba para el CAREM con xenón y quemado  *
*****************************************************

  OPCIONES QUEMADO CINETICA XENON REACOPLAMIENTO TERMOHIDRAULICO DIRECTO
! OPCIONES QUEMADO CINETICA XENON REACOPLAMIENTO TERMOHIDRAULICO ADIABATICO

PASO DE TIEMPO
  0.1

TFINAL
  1.0

PASO DE IMPRESION
  0.0

!MATRIZ DE RESPUESTA

ITERACIONES MAXIMO
  3000

INTERPOLACION MULTIPLE
C:\CAREM25A_MULTIPLE\TABMULT_AMPLIA_M18_XE.TXT
C:\CAREM25A_MULTIPLE\TABMULT_AMPLIA_M18_B12_XE.TXT
C:\CAREM25A_MULTIPLE\TABMULT_AMPLIA_M31_XE.TXT
C:\CAREM25A_MULTIPLE\TABMULT_AMPLIA_M31_V6_XE.TXT
C:\CAREM25A_MULTIPLE\TABMULT_AMPLIA_M31_B18_XE.TXT
C:\CAREM25A_MULTIPLE\TABMULT_AMPLIA_M31_V6_B18_XE.TXT

TABLAS
TABLASIMPLE.TXT

INTERPOLACION LINEAL

! IMPRIMIR ITERACIONES NUMERO POTENCIAS POR CANAL
 IMPRIMIR ITERACIONES NUMERO POTENCIAS DISTRIBUCION POR CANAL
! IMPRIMIR ITERACIONES NUMERO
!IMPRIMIR NUMERO

PRECISION PARA EL CALCULO ESTATICO
  1.0E-9

PRECISION PARA EL CALCULO CINETICO
  1.0E-6

Potencia de Fision
  192.0

COEFICIENTE DE SOBRERRELAJACION
  1.6

VALORES CONSTANTES INICIALES
   0.0  257.0 783.5 257.0 

!FIN DE LOS DATOS

INTERCALADOS

QUEMADOS
CAN E1  
   13343.6   16013.3   18104.6   19115.7   19213.5   18321.6   17711.6   16362.5
   14657.0   12811.1   10664.3    9056.5    8125.5    6150.7
CAN D2
   14329.4   17036.0   18624.3   19344.0   19192.3   18083.3   17144.9   15222.2
   13446.2   11611.3    9633.6    8224.7    7447.0    5774.1
CAN F1  
   10709.5   13012.1   15325.2   16531.0   16898.2   16339.1   16082.5   15135.8
   13866.2   12374.7   10503.0    9101.6    8250.9    6196.6
CAN C3  
   12709.5   14276.7   16297.8   17351.8   17522.7   16734.5   16208.6   14973.6
   13361.1   11593.4    9548.2    8078.6    8012.2    6086.9
CAN E2  
       0.0       0.0       0.0       0.0       0.0       0.0       0.0       0.0
       0.0       0.0       0.0       0.0       0.0       0.0
CAN G1  
   13012.8   14874.1   17344.9   18495.5   18677.9   17822.2   17278.9   16004.7
   14400.7   12598.6   10446.0    8842.5    8589.4    6596.1
CAN B4  
   10522.4   13795.8   16123.6   17294.5   17644.7   17076.8   16807.5   15676.4
   13623.1   12092.7   10022.9    8126.0    6342.2    4118.3
CAN D3  
       0.0       0.0       0.0       0.0       0.0       0.0       0.0       0.0
       0.0       0.0       0.0       0.0       0.0       0.0
CAN F2  
       0.0       0.0       0.0       0.0       0.0       0.0       0.0       0.0
       0.0       0.0       0.0       0.0       0.0       0.0
CAN H1  
   11035.9   14519.0   17002.2   18229.7   18567.5   17938.8   17653.5   16670.9
   15368.4   13835.4   11876.6   10330.4    8458.4    6323.8
CAN A5  
   13550.8   16212.1   18335.2   19356.9   19440.4   18511.7   17867.7   16502.0
   14833.3   12970.9   10830.2    9272.2    8418.7    6492.3
CAN C4
    9418.9   12606.6   14868.6   16011.7   16379.9   15903.8   15765.0   15006.0
   13970.7   12709.9   11001.0    9597.3    7742.0    5705.7
CAN E3  
       0.0       0.0       0.0       0.0       0.0       0.0       0.0       0.0
       0.0       0.0       0.0       0.0       0.0       0.0
CAN G2  
       0.0       0.0       0.0       0.0       0.0       0.0       0.0       0.0
       0.0       0.0       0.0       0.0       0.0       0.0
CAN I1  
   13550.5   16211.7   18334.9   19356.4   19439.9   18511.2   17866.9   16501.3
   14832.7   12970.3   10829.8    9271.6    8418.4    6491.7
CAN B5  
       0.0       0.0       0.0       0.0       0.0       0.0       0.0       0.0
       0.0       0.0       0.0       0.0       0.0       0.0
CAN D4  
       0.0       0.0       0.0       0.0       0.0       0.0       0.0       0.0
       0.0       0.0       0.0       0.0       0.0       0.0
CAN F3  
       0.0       0.0       0.0       0.0       0.0       0.0       0.0       0.0
       0.0       0.0       0.0       0.0       0.0       0.0
CAN H2  
       0.0       0.0       0.0       0.0       0.0       0.0       0.0       0.0
       0.0       0.0       0.0       0.0       0.0       0.0
CAN A6  
   11036.6   14519.9   17003.2   18231.0   18568.5   17940.3   17654.7   16672.2
   15369.8   13836.7   11877.3   10331.3    8459.1    6324.3
CAN C5  
       0.0       0.0       0.0       0.0       0.0       0.0       0.0       0.0
       0.0       0.0       0.0       0.0       0.0       0.0
CAN E4
    9015.7   10934.5   13009.2   14146.8   14562.5   14158.0   14014.6   13217.2
   12071.5   10773.8    9119.1    7857.0    7105.3    5198.6
CAN G3  
       0.0       0.0       0.0       0.0       0.0       0.0       0.0       0.0
       0.0       0.0       0.0       0.0       0.0       0.0
CAN I2  
   10521.4   13794.8   16122.3   17293.0   17643.1   17075.2   16805.6   15674.8
   13621.7   12091.3   10021.7    8125.5    6341.3    4118.0
CAN B6  
       0.0       0.0       0.0       0.0       0.0       0.0       0.0       0.0
       0.0       0.0       0.0       0.0       0.0       0.0
CAN D5  
       0.0       0.0       0.0       0.0       0.0       0.0       0.0       0.0
       0.0       0.0       0.0       0.0       0.0       0.0
CAN F4  
       0.0       0.0       0.0       0.0       0.0       0.0       0.0       0.0
       0.0       0.0       0.0       0.0       0.0       0.0
CAN H3  
    9418.0   12605.7   14867.3   16010.4   16377.9   15902.1   15763.4   15004.3
   13969.2   12708.4   10999.7    9596.2    7741.2    5704.9
CAN A7  
   13013.4   14874.9   17346.0   18497.0   18679.4   17823.5   17280.3   16006.3
   14402.0   12599.9   10447.4    8843.6    8590.2    6596.9
CAN C6  
       0.0       0.0       0.0       0.0       0.0       0.0       0.0       0.0
       0.0       0.0       0.0       0.0       0.0       0.0
CAN E5  
       0.0       0.0       0.0       0.0       0.0       0.0       0.0       0.0
       0.0       0.0       0.0       0.0       0.0       0.0
CAN G4
       0.0       0.0       0.0       0.0       0.0       0.0       0.0       0.0
       0.0       0.0       0.0       0.0       0.0       0.0
CAN I3  
   12709.7   14276.7   16297.9   17352.1   17522.9   16734.8   16208.8   14974.0
   13361.2   11593.5    9548.8    8078.6    8012.4    6086.9
CAN B7  
       0.0       0.0       0.0       0.0       0.0       0.0       0.0       0.0
       0.0       0.0       0.0       0.0       0.0       0.0
CAN D6  
    9015.6   10934.6   13009.1   14146.7   14562.6   14158.0   14014.7   13217.5
   12071.4   10773.9    9119.1    7857.0    7105.5    5198.6
CAN F5  
    9014.8   10933.4   13008.0   14145.3   14561.3   14156.6   14013.3   13216.2
   12070.1   10772.4    9118.1    7855.9    7104.7    5198.1
CAN H4  
       0.0       0.0       0.0       0.0       0.0       0.0       0.0       0.0
       0.0       0.0       0.0       0.0       0.0       0.0
CAN A8  
   10709.8   13012.5   15325.5   16531.7   16898.9   16339.8   16083.0   15136.4
   13866.5   12375.3   10503.3    9102.0    8251.5    6197.0
CAN C7  
       0.0       0.0       0.0       0.0       0.0       0.0       0.0       0.0
       0.0       0.0       0.0       0.0       0.0       0.0
CAN E6  
       0.0       0.0       0.0       0.0       0.0       0.0       0.0       0.0
       0.0       0.0       0.0       0.0       0.0       0.0
CAN G5  
       0.0       0.0       0.0       0.0       0.0       0.0       0.0       0.0
       0.0       0.0       0.0       0.0       0.0       0.0
CAN I4
   14329.0   17035.7   18623.9   19343.8   19192.1   18083.1   17144.3   15221.7
   13445.8   11611.3    9633.3    8224.5    7446.9    5773.9
CAN B8  
       0.0       0.0       0.0       0.0       0.0       0.0       0.0       0.0
       0.0       0.0       0.0       0.0       0.0       0.0
CAN D7  
       0.0       0.0       0.0       0.0       0.0       0.0       0.0       0.0
       0.0       0.0       0.0       0.0       0.0       0.0
CAN F6  
       0.0       0.0       0.0       0.0       0.0       0.0       0.0       0.0
       0.0       0.0       0.0       0.0       0.0       0.0
CAN H5  
       0.0       0.0       0.0       0.0       0.0       0.0       0.0       0.0
       0.0       0.0       0.0       0.0       0.0       0.0
CAN A9  
   13344.4   16014.5   18105.9   19117.1   19214.9   18323.2   17713.2   16364.1
   14658.5   12812.4   10665.5    9057.4    8125.9    6151.4
CAN C8  
       0.0       0.0       0.0       0.0       0.0       0.0       0.0       0.0
       0.0       0.0       0.0       0.0       0.0       0.0
CAN E7  
       0.0       0.0       0.0       0.0       0.0       0.0       0.0       0.0
       0.0       0.0       0.0       0.0       0.0       0.0
CAN G6  
       0.0       0.0       0.0       0.0       0.0       0.0       0.0       0.0
       0.0       0.0       0.0       0.0       0.0       0.0
CAN I5  
   13343.7   16013.3   18104.6   19115.9   19213.7   18321.6   17711.6   16362.7
   14657.3   12811.1   10664.3    9056.5    8125.5    6150.7
CAN B9
   14329.7   17036.4   18624.8   19344.9   19193.1   18084.1   17145.8   15222.9
   13446.9   11612.2    9634.2    8225.3    7447.4    5774.5
CAN D8  
    9417.6   12604.9   14866.3   16009.4   16377.1   15901.3   15762.6   15003.3
   13968.4   12707.6   10999.1    9595.4    7740.5    5704.7
CAN F7  
       0.0       0.0       0.0       0.0       0.0       0.0       0.0       0.0
       0.0       0.0       0.0       0.0       0.0       0.0
CAN H6  
   10708.4   13011.1   15323.8   16530.1   16896.9   16337.7   16081.1   15134.5
   13864.6   12373.6   10501.6    9100.7    8250.3    6196.2
CAN C9  
   12708.8   14275.6   16296.8   17350.7   17521.5   16733.5   16207.3   14972.5
   13359.9   11592.3    9547.5    8078.1    8011.5    6086.7
CAN E8  
       0.0       0.0       0.0       0.0       0.0       0.0       0.0       0.0
       0.0       0.0       0.0       0.0       0.0       0.0
CAN G7  
   13012.3   14873.5   17344.3   18495.0   18677.2   17821.3   17278.2   16004.2
   14400.1   12598.1   10445.5    8842.3    8588.8    6595.8
CAN D9  
   10521.7   13794.8   16122.5   17293.5   17643.3   17075.9   16806.2   15675.4
   13622.1   12091.7   10021.9    8125.6    6341.5    4118.0
CAN F8  
   11035.4   14518.3   17001.1   18228.7   18566.3   17937.9   17652.1   16669.7
   15367.2   13834.4   11875.6   10329.8    8457.6    6323.4
CAN E9  
   13549.8   16211.1   18334.0   19355.5   19438.8   18510.0   17865.7   16500.1
   14831.8   12969.4   10828.8    9270.9    8417.8    6491.5

  
