
*********************************************************************

   Se leyeron los datos del archivo: ENTRADA.TXT
   Se graba la salida en el archivo: SALIDA.TXT

*********************************************************************

*****************************************************
* CASO DE PRUEBA PARA EL CAREM CON XENON Y QUEMADO  *
*****************************************************

Cálculo estático de flujo y K efectivo
BETA =  1.30

 IT  Conv Flujo    Conv Keff      Kefectivo     Sigma       Omega
  1  1.8854E+00    2.3559E-02      1.024128    1.88542      1.000
  2  2.3050E+01    2.3996E-02      1.000129   12.22532      1.000
  3  1.2952E+00    1.3089E-02      1.013393    0.05619      1.000
  4  2.9120E+00    1.9329E-02      0.994177    2.24836      1.000
  5  5.0299E+00    1.2537E-02      0.981867    1.72729      1.000
  6  9.8441E-02    6.5656E-03      0.975462    0.01957      1.000
  7  4.0833E-02    2.3658E-03      0.973160    0.41479      1.000
  8  2.7728E-02    2.0229E-04      0.972963    0.67906      1.000
  9  2.0507E-02    1.2549E-03      0.974186    0.73957      1.000
 10  1.7607E-02    2.0278E-03      0.976165    0.85860      1.000
 11  1.4372E-02    2.3899E-03      0.978504    0.81623      1.000
 12  1.2272E-02    2.4820E-03      0.980938    0.85388      1.000
 13  1.0574E-02    2.4130E-03      0.983311    0.86167      1.000
 14  9.2129E-03    2.2568E-03      0.985535    0.87127      1.000
 15  8.1346E-03    2.0586E-03      0.987568    0.88296      1.000
 16  7.2498E-03    1.8469E-03      0.989395    0.89123      1.000
 17  6.5152E-03    1.6384E-03      0.991019    0.89868      1.000
 18  5.8976E-03    1.4421E-03      0.992450    0.90520      1.000
 19  5.3699E-03    1.2627E-03      0.993705    0.91052      1.000
 20  4.9142E-03    1.1019E-03      0.994801    0.91514      1.000
 21  4.5163E-03    9.5973E-04      0.995757    0.91903      1.000
 22  4.1659E-03    8.3532E-04      0.996590    0.92242      1.000
 23  3.8556E-03    7.2725E-04      0.997315    0.92550      1.000
 24  3.5788E-03    6.3387E-04      0.997947    0.92822      1.000
 25  3.3306E-03    5.5347E-04      0.998500    0.93066      1.000
 26  3.1065E-03    4.8442E-04      0.998984    0.93272      1.000
 27  2.9030E-03    4.2519E-04      0.999409    0.93448      1.000
 28  2.7174E-03    3.7440E-04      0.999783    0.93606      1.000
 29  2.5475E-03    3.3082E-04      1.000114    0.93750      1.000
 30  2.3918E-03    2.9337E-04      1.000408    0.93886      1.000
 31  2.2488E-03    2.6115E-04      1.000669    0.94023      1.000
 32  2.1174E-03    2.3335E-04      1.000902    0.94158      1.000
 33  1.9965E-03    2.0930E-04      1.001112    0.94287      1.000
 34  1.8849E-03    1.8843E-04      1.001301    0.94409      1.000
 35  1.7818E-03    1.7025E-04      1.001471    0.94532      1.000
 36  1.6867E-03    1.5436E-04      1.001626    0.94660      1.000
 37  1.5988E-03    1.4041E-04      1.001766    0.94791      1.000
 38  1.5177E-03    1.2812E-04      1.001895    0.94929      1.000
 39  1.4429E-03    1.1724E-04      1.002012    0.95066      1.000
 40  1.3737E-03    1.0757E-04      1.002120    0.95205      1.000
 41  1.3096E-03    9.8934E-05      1.002219    0.95336      1.000
 42  1.2503E-03    9.1198E-05      1.002311    0.95473      1.000
 43  1.1954E-03    8.4235E-05      1.002395    0.95611      1.000
 44  1.1447E-03    7.7944E-05      1.002473    0.95760      1.000
 45  1.0979E-03    7.2239E-05      1.002546    0.95910      1.000
 46  1.0548E-03    6.7047E-05      1.002613    0.96073      1.000
 47  1.0152E-03    6.2305E-05      1.002675    0.96247      1.000
 48  9.7880E-04    5.7963E-05      1.002733    0.96411      1.000
 49  9.4508E-04    5.3974E-05      1.002788    0.96556      1.000
 50  9.1414E-04    5.0302E-05      1.002838    0.96726      1.000
 51  8.8599E-04    4.6912E-05      1.002885    0.96921      1.000
 52  8.6045E-04    4.3778E-05      1.002929    0.97117      1.000
 53  8.3706E-04    4.0874E-05      1.002970    0.97281      1.000
 54  8.1574E-04    3.8180E-05      1.003008    0.97453      1.000
 55  7.9651E-04    3.5676E-05      1.003044    0.97642      1.000
 56  7.7916E-04    3.3348E-05      1.003077    0.97823      1.000
 57  7.6337E-04    3.1179E-05      1.003109    0.97973      1.000
 58  7.4908E-04    2.9158E-05      1.003138    0.98127      1.000
 59  7.3588E-04    2.7273E-05      1.003165    0.98239      1.000
 60  7.2361E-04    2.5515E-05      1.003191    0.98332      1.000
 61  7.1202E-04    2.3873E-05      1.003215    0.98399      1.000
 62  7.0097E-04    2.2339E-05      1.003237    0.98448      1.000
 63  6.9045E-04    2.0906E-05      1.003258    0.98499      1.000
 64  6.8039E-04    1.9568E-05      1.003278    0.98543      1.000
 65  6.7072E-04    1.8316E-05      1.003296    0.98580      1.000
 66  6.6136E-04    1.7147E-05      1.003314    0.98604      1.000
 67  6.5226E-04    1.6053E-05      1.003330    0.98625      1.000
 68  6.4340E-04    1.5030E-05      1.003345    0.98641      1.000
 69  6.3479E-04    1.4074E-05      1.003359    0.98663      1.000
 70  6.2645E-04    1.3180E-05      1.003372    0.98686      1.000
 71  6.1833E-04    1.2344E-05      1.003384    0.98704      1.000
 72  6.1043E-04    1.1563E-05      1.003396    0.98722      1.000
 73  6.0274E-04    1.0832E-05      1.003407    0.98741      1.000
 74  5.9522E-04    1.0148E-05      1.003417    0.98751      1.000
 75  5.8784E-04    9.5091E-06      1.003427    0.98761      1.000
 76  5.8060E-04    8.9114E-06      1.003436    0.98768      1.000
 77  5.7349E-04    8.3524E-06      1.003444    0.98776     81.170
 78  5.5873E-04    8.0539E-04      1.004253    0.97426      1.000
 79  5.1245E-04    6.0058E-05      1.004192    0.91716      1.000
 80  4.7778E-04    8.2699E-05      1.004109    0.93235      1.000
 81  4.5394E-04    4.6608E-05      1.004063    0.95009      1.000
 82  4.3300E-04    4.6025E-05      1.004016    0.95388      1.000
 83  4.1189E-04    3.6699E-05      1.003980    0.95124      1.000
 84  3.9244E-04    3.3470E-05      1.003946    0.95278      1.000
 85  3.7431E-04    2.8825E-05      1.003917    0.95379      1.000
 86  3.5741E-04    2.5671E-05      1.003891    0.95485      1.000
 87  3.4149E-04    2.2751E-05      1.003868    0.95547      1.000
 88  3.2636E-04    2.0448E-05      1.003848    0.95569      1.000
 89  3.1200E-04    1.8468E-05      1.003829    0.95600      1.000
 90  2.9836E-04    1.6800E-05      1.003812    0.95628      1.000
 91  2.8540E-04    1.5358E-05      1.003797    0.95656     22.872
 92  1.0876E-04    4.0849E-04      1.003387    0.38107      1.000
 93  1.0653E-04    2.5151E-05      1.003412    0.97948      1.000
 94  1.0625E-04    3.5931E-05      1.003448    0.99738      1.000
 95  9.5804E-05    1.7459E-05      1.003466    0.90171      1.000
 96  9.0210E-05    1.7022E-05      1.003483    0.94162      1.000
 97  8.5700E-05    1.2340E-05      1.003495    0.95000      1.000
 98  8.0876E-05    1.0821E-05      1.003506    0.94372      1.000
 99  7.8033E-05    8.6590E-06      1.003515    0.96485      1.000
100  7.5345E-05    7.2890E-06      1.003522    0.96556      1.000
101  7.3279E-05    6.0628E-06      1.003528    0.97258      1.000
102  7.1125E-05    5.1604E-06      1.003534    0.97061      1.000
103  6.9193E-05    4.4260E-06      1.003538    0.97283      1.000
104  6.7310E-05    3.8473E-06      1.003542    0.97279      1.000
105  6.5539E-05    3.3776E-06      1.003545    0.97369      1.000
106  6.3846E-05    2.9943E-06      1.003548    0.97416      1.000
107  6.2235E-05    2.6769E-06      1.003551    0.97477      1.000
108  6.0696E-05    2.4109E-06      1.003553    0.97526      1.000
109  5.9224E-05    2.1852E-06      1.003556    0.97575      1.000
110  5.7815E-05    1.9912E-06      1.003558    0.97621      1.000
111  5.6465E-05    1.8228E-06      1.003559    0.97665      1.000
112  5.5168E-05    1.6750E-06      1.003561    0.97704      1.000
113  5.3922E-05    1.5441E-06      1.003563    0.97741      1.000
114  5.2725E-05    1.4272E-06      1.003564    0.97780      1.000
115  5.1574E-05    1.3222E-06      1.003565    0.97817      1.000
116  5.0468E-05    1.2272E-06      1.003567    0.97855      1.000
117  4.9402E-05    1.1409E-06      1.003568    0.97889      1.000
118  4.8374E-05    1.0622E-06      1.003569    0.97918      1.000
119  4.7381E-05    9.9021E-07      1.003570    0.97948      1.000
120  4.6422E-05    9.2412E-07      1.003571    0.97976      1.000
121  4.5495E-05    8.6334E-07      1.003572    0.98003      1.000
122  4.4597E-05    8.0735E-07      1.003572    0.98026      1.000
123  4.3727E-05    7.5570E-07      1.003573    0.98050      1.000
124  4.2884E-05    7.0799E-07      1.003574    0.98071      1.000
125  4.2065E-05    6.6389E-07      1.003575    0.98090      1.000
126  4.1269E-05    6.2309E-07      1.003575    0.98108      1.000
127  4.0495E-05    5.8531E-07      1.003576    0.98126      1.000
128  3.9744E-05    5.5032E-07      1.003576    0.98144     53.353
129  2.0985E-05    3.4987E-05      1.003611    0.52800      1.000
130  1.9499E-05    2.2871E-06      1.003609    0.92922      1.000
131  1.8624E-05    3.2708E-06      1.003606    0.95513      1.000
132  1.7579E-05    1.7216E-06      1.003604    0.94385      1.000
133  1.6812E-05    1.7025E-06      1.003602    0.95642      1.000
134  1.6028E-05    1.3076E-06      1.003601    0.95337      1.000
135  1.5319E-05    1.1756E-06      1.003600    0.95575      1.000
136  1.4652E-05    9.8276E-07      1.003599    0.95646      1.000
137  1.4046E-05    8.5416E-07      1.003598    0.95862      1.000
138  1.3479E-05    7.3560E-07      1.003597    0.95964      1.000
139  1.2955E-05    6.4352E-07      1.003597    0.96114      1.000
140  1.2461E-05    5.6529E-07      1.003596    0.96185      1.000
141  1.1999E-05    5.0037E-07      1.003596    0.96293      1.000
142  1.1564E-05    4.4510E-07      1.003595    0.96376      1.000
143  1.1157E-05    3.9779E-07      1.003595    0.96480      1.000
144  1.0776E-05    3.5680E-07      1.003594    0.96581      1.000
145  1.0418E-05    3.2097E-07      1.003594    0.96680      1.000
146  1.0082E-05    2.8941E-07      1.003594    0.96774      1.000
147  9.7663E-06    2.6139E-07      1.003594    0.96870      1.000
148  9.4693E-06    2.3636E-07      1.003593    0.96958      1.000
149  9.1901E-06    2.1388E-07      1.003593    0.97051      1.000
150  8.9269E-06    1.9360E-07      1.003593    0.97137      1.000
151  8.6785E-06    1.7524E-07      1.003593    0.97217      1.000
152  8.4438E-06    1.5857E-07      1.003593    0.97295      1.000
153  8.2218E-06    1.4339E-07      1.003592    0.97371      1.000
154  8.0123E-06    1.2954E-07      1.003592    0.97452      1.000
155  7.8144E-06    1.1690E-07      1.003592    0.97530      1.000
156  7.6270E-06    1.0534E-07      1.003592    0.97602      1.000
157  7.4492E-06    9.4757E-08      1.003592    0.97669      1.000
158  7.2807E-06    8.5071E-08      1.003592    0.97738      1.000
159  7.1210E-06    7.6199E-08      1.003592    0.97807      1.000
160  6.9690E-06    6.8072E-08      1.003592    0.97866      1.000
161  6.8244E-06    6.0628E-08      1.003592    0.97924      1.000
162  6.6867E-06    5.3810E-08      1.003592    0.97983      1.000
163  6.5553E-06    4.7566E-08      1.003592    0.98035      1.000
164  6.4297E-06    4.1851E-08      1.003592    0.98084      1.000
165  6.3096E-06    3.6620E-08      1.003592    0.98132      1.000
166  6.1944E-06    3.1837E-08      1.003592    0.98174      1.000
167  6.0837E-06    2.7464E-08      1.003591    0.98213      1.000
168  5.9774E-06    2.3470E-08      1.003591    0.98253      1.000
169  5.8754E-06    1.9823E-08      1.003591    0.98294      1.000
170  5.7773E-06    1.6497E-08      1.003591    0.98330      1.000
171  5.6827E-06    1.3466E-08      1.003591    0.98362      1.000
172  5.5911E-06    1.0706E-08      1.003591    0.98388      1.000
173  5.5022E-06    8.1949E-09      1.003591    0.98411      1.000
174  5.4161E-06    5.9137E-09      1.003591    0.98434      1.000
175  5.3324E-06    3.8437E-09      1.003591    0.98455      1.000
176  5.2510E-06    1.9677E-09      1.003591    0.98475      1.000
177  5.1719E-06    2.7005E-10      1.003591    0.98494      1.000
178  5.0950E-06    1.2637E-09      1.003591    0.98512      1.000
179  5.0201E-06    2.6469E-09      1.003591    0.98530      1.000
180  4.9471E-06    3.8919E-09      1.003591    0.98547      1.000
181  4.8760E-06    5.0100E-09      1.003591    0.98562      1.000
182  4.8067E-06    6.0118E-09      1.003591    0.98578      1.000
183  4.7390E-06    6.9069E-09      1.003591    0.98593      1.000
184  4.6730E-06    7.7042E-09      1.003591    0.98606      1.000
185  4.6084E-06    8.4120E-09      1.003591    0.98619      1.000
186  4.5453E-06    9.0377E-09      1.003591    0.98631      1.000
187  4.4836E-06    9.5884E-09      1.003591    0.98642     73.027
188  1.2802E-06    9.1179E-07      1.003592    0.28553      1.000
189  1.2693E-06    1.1905E-08      1.003592    0.99151      1.000
190  1.2310E-06    1.7510E-08      1.003592    0.96981      1.000
191  1.1792E-06    1.4267E-08      1.003592    0.95794      1.000
192  1.1411E-06    9.7967E-09      1.003592    0.96766      1.000
193  1.1033E-06    1.4738E-08      1.003592    0.96687      1.000
194  1.0683E-06    1.3743E-08      1.003592    0.96824      1.000
195  1.0348E-06    1.4544E-08      1.003592    0.96864      1.000
196  1.0034E-06    1.4117E-08      1.003592    0.96972      1.000
197  9.7367E-07    1.3736E-08      1.003592    0.97035      1.000
198  9.4552E-07    1.2986E-08      1.003592    0.97109      1.000
199  9.1868E-07    1.2147E-08      1.003592    0.97161      1.000
200  8.9312E-07    1.1214E-08      1.003592    0.97218      1.000
201  8.6875E-07    1.0257E-08      1.003592    0.97271      1.000
202  8.4555E-07    9.3012E-09      1.003592    0.97330      1.000
203  8.2353E-07    8.3694E-09      1.003593    0.97395      1.000
204  8.0263E-07    7.4761E-09      1.003593    0.97462      1.000
205  7.8271E-07    6.6302E-09      1.003593    0.97518      1.000
206  7.6363E-07    5.8370E-09      1.003593    0.97562      1.000
207  7.4535E-07    5.0989E-09      1.003593    0.97607      1.000
208  7.2784E-07    4.4163E-09      1.003593    0.97651      1.000
209  7.1103E-07    3.7883E-09      1.003593    0.97690      1.000
210  6.9487E-07    3.2131E-09      1.003593    0.97728      1.000
211  6.7934E-07    2.6883E-09      1.003593    0.97765      1.000
212  6.6442E-07    2.2112E-09      1.003593    0.97803      1.000
213  6.5006E-07    1.7787E-09      1.003593    0.97839      1.000
214  6.3626E-07    1.3881E-09      1.003593    0.97878      1.000
215  6.2302E-07    1.0361E-09      1.003593    0.97920      1.000
216  6.1032E-07    7.2010E-10      1.003593    0.97961      1.000
217  5.9813E-07    4.3717E-10      1.003593    0.98002      1.000
218  5.8639E-07    1.8466E-10      1.003593    0.98037      1.000
219  5.7509E-07    3.9852E-11      1.003593    0.98073      1.000
220  5.6423E-07    2.3875E-10      1.003593    0.98112      1.000
221  5.5379E-07    4.1420E-10      1.003593    0.98150      1.000
222  5.4377E-07    5.6824E-10      1.003593    0.98190      1.000
223  5.3417E-07    7.0278E-10      1.003593    0.98235      1.000
224  5.2499E-07    8.1951E-10      1.003593    0.98281      1.000
225  5.1620E-07    9.2007E-10      1.003593    0.98325      1.000
226  5.0778E-07    1.0060E-09      1.003593    0.98369      1.000
227  4.9972E-07    1.0785E-09      1.003593    0.98413      1.000
228  4.9201E-07    1.1391E-09      1.003593    0.98458      1.000
229  4.8463E-07    1.1887E-09      1.003593    0.98501      1.000
230  4.7757E-07    1.2285E-09      1.003593    0.98543      1.000
231  4.7078E-07    1.2594E-09      1.003593    0.98579      1.000
232  4.6424E-07    1.2824E-09      1.003593    0.98611      1.000
233  4.5792E-07    1.2982E-09      1.003593    0.98637      1.000
234  4.5180E-07    1.3076E-09      1.003593    0.98664      1.000
235  4.4589E-07    1.3114E-09      1.003593    0.98690      1.000
236  4.4015E-07    1.3100E-09      1.003593    0.98713      1.000
237  4.3457E-07    1.3042E-09      1.003593    0.98734      1.000
238  4.2916E-07    1.2943E-09      1.003593    0.98755      1.000
239  4.2389E-07    1.2810E-09      1.003593    0.98772      1.000
240  4.1874E-07    1.2646E-09      1.003593    0.98786      1.000
241  4.1371E-07    1.2454E-09      1.003593    0.98798      1.000
242  4.0878E-07    1.2240E-09      1.003593    0.98808      1.000
243  4.0393E-07    1.2005E-09      1.003593    0.98815      1.000
244  3.9918E-07    1.1754E-09      1.003593    0.98822      1.000
245  3.9452E-07    1.1488E-09      1.003593    0.98832     84.909
246  3.0078E-07    1.1980E-07      1.003592    0.76241      1.000
247  2.9149E-07    5.3400E-09      1.003592    0.96910      1.000
248  2.7993E-07    9.0160E-09      1.003592    0.96035      1.000
249  2.6838E-07    4.1797E-09      1.003592    0.95875      1.000
250  2.5821E-07    4.4295E-09      1.003592    0.96210      1.000
251  2.4823E-07    3.3906E-09      1.003592    0.96134      1.000
252  2.3871E-07    3.2035E-09      1.003592    0.96165      1.000
253  2.2951E-07    2.7873E-09      1.003592    0.96149      1.000
254  2.2072E-07    2.5625E-09      1.003592    0.96167      1.000
255  2.1225E-07    2.3500E-09      1.003592    0.96164     26.088
256  3.8352E-08    7.2618E-08      1.003593    0.18069      1.000
257  3.4158E-08    3.2532E-09      1.003593    0.89064      1.000
258  3.1345E-08    4.8237E-09      1.003593    0.91765      1.000
259  3.0224E-08    1.4497E-09      1.003593    0.96426      1.000
260  2.8914E-08    1.2922E-09      1.003592    0.95664      1.000
261  2.7770E-08    4.5126E-10      1.003592    0.96045      1.000
262  2.6839E-08    2.0129E-10      1.003592    0.96646      1.000
263  2.5722E-08    1.3578E-10      1.003592    0.95839      1.000
264  2.4711E-08    3.1660E-10      1.003592    0.96069      1.000
265  2.3702E-08    4.6167E-10      1.003592    0.95918      1.000
266  2.2824E-08    5.4394E-10      1.003593    0.96294      1.000
267  2.2001E-08    5.9402E-10      1.003593    0.96395      1.000
268  2.1263E-08    6.1643E-10      1.003593    0.96643      1.000
269  2.0591E-08    6.2103E-10      1.003593    0.96843      1.000
270  1.9986E-08    6.1278E-10      1.003593    0.97062      1.000
271  1.9447E-08    5.9612E-10      1.003593    0.97300      1.000
272  1.8965E-08    5.7392E-10      1.003593    0.97524      1.000
273  1.8527E-08    5.4840E-10      1.003593    0.97691      1.000
274  1.8122E-08    5.2112E-10      1.003593    0.97814      1.000
275  1.7744E-08    4.9316E-10      1.003593    0.97910      1.000
276  1.7387E-08    4.6525E-10      1.003593    0.97990      1.000
277  1.7049E-08    4.3801E-10      1.003593    0.98058      1.000
278  1.6729E-08    4.1165E-10      1.003593    0.98121      1.000
279  1.6424E-08    3.8650E-10      1.003593    0.98174      1.000
280  1.6131E-08    3.6260E-10      1.003593    0.98217      1.000
281  1.5849E-08    3.4006E-10      1.003593    0.98254      1.000
282  1.5577E-08    3.1886E-10      1.003593    0.98281      1.000
283  1.5312E-08    2.9900E-10      1.003593    0.98299      1.000
284  1.5054E-08    2.8045E-10      1.003593    0.98314      1.000
285  1.4802E-08    2.6312E-10      1.003593    0.98329      1.000
286  1.4557E-08    2.4697E-10      1.003593    0.98343      1.000
287  1.4317E-08    2.3198E-10      1.003593    0.98353     60.332
288  1.0221E-08    1.6667E-08      1.003593    0.71394      1.000
289  9.8043E-09    1.1396E-09      1.003593    0.95920      1.000
290  9.3869E-09    1.6084E-09      1.003593    0.95742      1.000
291  8.7526E-09    8.6679E-10      1.003593    0.93243      1.000
292  8.2859E-09    8.5593E-10      1.003593    0.94668      1.000
293  7.8105E-09    6.6537E-10      1.003593    0.94262      1.000
294  7.3679E-09    6.0041E-10      1.003593    0.94334      1.000
295  6.9713E-09    5.0643E-10      1.003593    0.94617      1.000
296  6.6089E-09    4.4318E-10      1.003593    0.94802      1.000
297  6.2771E-09    3.8480E-10      1.003593    0.94979      1.000
298  5.9671E-09    3.3919E-10      1.003593    0.95062      1.000
299  5.6781E-09    3.0028E-10      1.003593    0.95157      1.000
300  5.4081E-09    2.6782E-10      1.003593    0.95244      1.000
301  5.1557E-09    2.4010E-10      1.003593    0.95333      1.000
302  4.9199E-09    2.1622E-10      1.003593    0.95427      1.000
303  4.6993E-09    1.9547E-10      1.003593    0.95516      1.000
304  4.4929E-09    1.7724E-10      1.003593    0.95607      1.000
305  4.2997E-09    1.6113E-10      1.003593    0.95699      1.000
306  4.1185E-09    1.4679E-10      1.003593    0.95786      1.000
307  3.9487E-09    1.3393E-10      1.003593    0.95877      1.000
308  3.7894E-09    1.2232E-10      1.003593    0.95967      1.000
309  3.6400E-09    1.1185E-10      1.003593    0.96056      1.000
310  3.4996E-09    1.0234E-10      1.003593    0.96144      1.000
311  3.3675E-09    9.3640E-11      1.003593    0.96226      1.000
312  3.2433E-09    8.5744E-11      1.003593    0.96311      1.000
313  3.1264E-09    7.8481E-11      1.003593    0.96396      1.000
314  3.0163E-09    7.1845E-11      1.003593    0.96478      1.000
315  2.9124E-09    6.5762E-11      1.003593    0.96554      1.000
316  2.8142E-09    6.0163E-11      1.003593    0.96628      1.000
317  2.7214E-09    5.5000E-11      1.003593    0.96705      1.000
318  2.6339E-09    5.0302E-11      1.003593    0.96784      1.000
319  2.5511E-09    4.5946E-11      1.003593    0.96856      1.000
320  2.4728E-09    4.1950E-11      1.003593    0.96929      1.000
321  2.3987E-09    3.8252E-11      1.003593    0.97003      1.000
322  2.3285E-09    3.4871E-11      1.003593    0.97074      1.000
323  2.2620E-09    3.1761E-11      1.003593    0.97143      1.000
324  2.1988E-09    2.8893E-11      1.003593    0.97207      1.000
325  2.1389E-09    2.6247E-11      1.003593    0.97275      1.000
326  2.0821E-09    2.3814E-11      1.003593    0.97345      1.000
327  2.0283E-09    2.1588E-11      1.003593    0.97416      1.000
328  1.9772E-09    1.9534E-11      1.003593    0.97481      1.000
329  1.9287E-09    1.7647E-11      1.003593    0.97549      1.000
330  1.8827E-09    1.5900E-11      1.003593    0.97613      1.000
331  1.8388E-09    1.4325E-11      1.003593    0.97672      1.000
332  1.7971E-09    1.2837E-11      1.003593    0.97731      1.000
333  1.7574E-09    1.1502E-11      1.003593    0.97789      1.000
334  1.7196E-09    1.0281E-11      1.003593    0.97850      1.000
335  1.6836E-09    9.1480E-12      1.003593    0.97907      1.000
336  1.6494E-09    8.0816E-12      1.003593    0.97965      1.000
337  1.6167E-09    7.1709E-12      1.003593    0.98021      1.000
338  1.5856E-09    6.2645E-12      1.003593    0.98078      1.000
339  1.5560E-09    5.4841E-12      1.003593    0.98132      1.000
340  1.5277E-09    4.7405E-12      1.003593    0.98179      1.000
341  1.5006E-09    4.0938E-12      1.003593    0.98224      1.000
342  1.4746E-09    3.4871E-12      1.003593    0.98271      1.000
343  1.4498E-09    2.9024E-12      1.003593    0.98320      1.000
344  1.4262E-09    2.4262E-12      1.003593    0.98369      1.000
345  1.4036E-09    1.9525E-12      1.003593    0.98416      1.000
346  1.3820E-09    1.5299E-12      1.003593    0.98459      1.000
347  1.3612E-09    1.1509E-12      1.003593    0.98496      1.000
348  1.3412E-09    8.0491E-13      1.003593    0.98529      1.000
349  1.3218E-09    4.7325E-13      1.003593    0.98557      1.000
350  1.3031E-09    2.0620E-13      1.003593    0.98582      1.000
351  1.2849E-09    5.5091E-14      1.003593    0.98605      1.000
352  1.2673E-09    2.8519E-13      1.003593    0.98627      1.000
353  1.2501E-09    5.0666E-13      1.003593    0.98649      1.000
354  1.2335E-09    6.7614E-13      1.003593    0.98671      1.000
355  1.2174E-09    8.7150E-13      1.003593    0.98691      1.000
356  1.2016E-09    1.0138E-12      1.003593    0.98705      1.000
357  1.1862E-09    1.1357E-12      1.003593    0.98719      1.000
358  1.1712E-09    1.2551E-12      1.003593    0.98732      1.000
359  1.1565E-09    1.3859E-12      1.003593    0.98745      1.000
360  1.1421E-09    1.4642E-12      1.003593    0.98757      1.000
361  1.1280E-09    1.5569E-12      1.003593    0.98769      1.000
362  1.1143E-09    1.6162E-12      1.003593    0.98780      1.000
363  1.1008E-09    1.6771E-12      1.003593    0.98790     81.951
364  5.4659E-10    1.7741E-10      1.003593    0.49655      1.000

Cálculo Estático de Flujo:
Tiempo para iteraciones: 2.2610
Num Iteraciones: 364


Cálculo estático de flujo y K efectivo
BETA =  1.30

 IT  Conv Flujo    Conv Keff      Kefectivo     Sigma       Omega
  1  2.3087E-03    2.1328E-03      1.005738    0.00231      1.000
  2  3.9877E-03    4.0253E-03      1.009802    1.72722      1.000
  3  3.9153E-03    4.2116E-03      1.014073    0.98186      1.000
  4  3.5805E-03    3.7621E-03      1.017903    0.91448      1.000
  5  3.0256E-03    2.9248E-03      1.020889    0.84504      1.000
  6  2.5230E-03    2.2494E-03      1.023190    0.83387      1.000
  7  2.0704E-03    1.6924E-03      1.024925    0.82060      1.000
  8  1.6831E-03    1.2701E-03      1.026228    0.81293      1.000
  9  1.3424E-03    9.4125E-04      1.027195    0.79759      1.000
 10  1.0602E-03    6.9214E-04      1.027906    0.78976      1.000
 11  8.3198E-04    5.0372E-04      1.028424    0.78477      1.000
 12  6.5714E-04    3.6322E-04      1.028798    0.78985      1.000
 13  5.2596E-04    2.5903E-04      1.029065    0.80038      1.000
 14  4.3022E-04    1.8237E-04      1.029252    0.81797      1.000
 15  3.6074E-04    1.2630E-04      1.029382    0.83850      1.000
 16  3.0963E-04    8.5560E-05      1.029471    0.85832      1.000
 17  2.7118E-04    5.6170E-05      1.029528    0.87581      1.000
 18  2.4168E-04    3.5150E-05      1.029565    0.89122      1.000
 19  2.1858E-04    2.0272E-05      1.029585    0.90444      1.000
 20  2.0018E-04    9.8819E-06      1.029596    0.91579      1.000
 21  1.8517E-04    2.7530E-06      1.029598    0.92502      1.000
 22  1.7271E-04    2.0204E-06      1.029596    0.93271      1.000
 23  1.6224E-04    5.1047E-06      1.029591    0.93939      1.000
 24  1.5336E-04    6.9885E-06      1.029584    0.94527      1.000
 25  1.4577E-04    8.0292E-06      1.029576    0.95052      1.000
 26  1.3927E-04    8.4864E-06      1.029567    0.95539      1.000
 27  1.3369E-04    8.5482E-06      1.029558    0.95992      1.000
 28  1.2887E-04    8.3496E-06      1.029549    0.96397      1.000
 29  1.2470E-04    7.9868E-06      1.029541    0.96762      1.000
 30  1.2104E-04    7.5278E-06      1.029534    0.97068      1.000
 31  1.1782E-04    7.0198E-06      1.029526    0.97335      1.000
 32  1.1495E-04    6.4950E-06      1.029520    0.97571      1.000
 33  1.1241E-04    5.9750E-06      1.029513    0.97787      1.000
 34  1.1014E-04    5.4734E-06      1.029508    0.97981      1.000
 35  1.0810E-04    4.9987E-06      1.029503    0.98149      1.000
 36  1.0625E-04    4.5555E-06      1.029498    0.98285      1.000
 37  1.0454E-04    4.1455E-06      1.029494    0.98388      1.000
 38  1.0294E-04    3.7692E-06      1.029490    0.98471      1.000
 39  1.0143E-04    3.4254E-06      1.029486    0.98531      1.000
 40  9.9973E-05    3.1127E-06      1.029483    0.98567      1.000
 41  9.8566E-05    2.8289E-06      1.029480    0.98593      1.000
 42  9.7203E-05    2.5718E-06      1.029478    0.98617      1.000
 43  9.5878E-05    2.3393E-06      1.029475    0.98637      1.000
 44  9.4588E-05    2.1290E-06      1.029473    0.98654      1.000
 45  9.3331E-05    1.9388E-06      1.029471    0.98671      1.000
 46  9.2107E-05    1.7669E-06      1.029469    0.98688      1.000
 47  9.0915E-05    1.6114E-06      1.029467    0.98707      1.000
 48  8.9756E-05    1.4705E-06      1.029466    0.98725      1.000
 49  8.8624E-05    1.3429E-06      1.029465    0.98739      1.000
 50  8.7514E-05    1.2271E-06      1.029463    0.98748      1.000
 51  8.6424E-05    1.1220E-06      1.029462    0.98754      1.000
 52  8.5352E-05    1.0264E-06      1.029461    0.98760      1.000
 53  8.4297E-05    9.3944E-07      1.029460    0.98764     80.613
 54  5.2778E-05    8.8361E-05      1.029369    0.62610      1.000
 55  5.0439E-05    8.0875E-06      1.029377    0.95568      1.000
 56  4.7157E-05    1.0425E-05      1.029388    0.93492      1.000
 57  4.4292E-05    6.2108E-06      1.029395    0.93925      1.000
 58  4.2347E-05    5.9969E-06      1.029401    0.95610      1.000
 59  4.0309E-05    4.8375E-06      1.029406    0.95186      1.000
 60  3.8404E-05    4.3797E-06      1.029410    0.95274      1.000
 61  3.6743E-05    3.7767E-06      1.029414    0.95676      1.000
 62  3.5197E-05    3.3512E-06      1.029418    0.95791      1.000
 63  3.3785E-05    2.9612E-06      1.029421    0.95988      1.000
 64  3.2422E-05    2.6484E-06      1.029423    0.95965      1.000
 65  3.1134E-05    2.3792E-06      1.029426    0.96029      1.000
 66  2.9903E-05    2.1513E-06      1.029428    0.96048      1.000
 67  2.8730E-05    1.9544E-06      1.029430    0.96076      1.000
 68  2.7609E-05    1.7834E-06      1.029432    0.96099      1.000
 69  2.6538E-05    1.6335E-06      1.029434    0.96119     25.633
 70  1.2392E-05    4.8712E-05      1.029484    0.46696      1.000
 71  1.0992E-05    3.1898E-06      1.029480    0.88699      1.000
 72  1.0147E-05    4.4807E-06      1.029476    0.92318      1.000
 73  8.8943E-06    2.2558E-06      1.029474    0.87652      1.000
 74  8.5394E-06    2.1901E-06      1.029471    0.96009      1.000
 75  8.0146E-06    1.6191E-06      1.029470    0.93854      1.000
 76  7.5790E-06    1.4266E-06      1.029468    0.94566      1.000
 77  7.2284E-06    1.1557E-06      1.029467    0.95373      1.000
 78  6.9370E-06    9.7878E-07      1.029466    0.95968      1.000
 79  6.6891E-06    8.1884E-07      1.029465    0.96427      1.000
 80  6.4626E-06    6.9803E-07      1.029464    0.96613      1.000
 81  6.2541E-06    5.9798E-07      1.029464    0.96774      1.000
 82  6.0642E-06    5.1741E-07      1.029463    0.96963      1.000
 83  5.8892E-06    4.5083E-07      1.029463    0.97114      1.000
 84  5.7283E-06    3.9559E-07      1.029462    0.97268      1.000
 85  5.5793E-06    3.4919E-07      1.029462    0.97400      1.000
 86  5.4416E-06    3.0987E-07      1.029462    0.97532      1.000
 87  5.3138E-06    2.7622E-07      1.029461    0.97652      1.000
 88  5.1949E-06    2.4718E-07      1.029461    0.97761      1.000
 89  5.0838E-06    2.2191E-07      1.029461    0.97862      1.000
 90  4.9797E-06    1.9976E-07      1.029461    0.97953      1.000
 91  4.8819E-06    1.8021E-07      1.029461    0.98035      1.000
 92  4.7896E-06    1.6286E-07      1.029460    0.98110      1.000
 93  4.7020E-06    1.4738E-07      1.029460    0.98170      1.000
 94  4.6185E-06    1.3351E-07      1.029460    0.98225      1.000
 95  4.5388E-06    1.2103E-07      1.029460    0.98274      1.000
 96  4.4626E-06    1.0977E-07      1.029460    0.98321      1.000
 97  4.3895E-06    9.9576E-08      1.029460    0.98361      1.000
 98  4.3192E-06    9.0336E-08      1.029460    0.98399      1.000
 99  4.2517E-06    8.1940E-08      1.029460    0.98437      1.000
100  4.1865E-06    7.4300E-08      1.029459    0.98469      1.000
101  4.1236E-06    6.7339E-08      1.029459    0.98497      1.000
102  4.0628E-06    6.0988E-08      1.029459    0.98524      1.000
103  4.0037E-06    5.5191E-08      1.029459    0.98546      1.000
104  3.9463E-06    4.9894E-08      1.029459    0.98565      1.000
105  3.8903E-06    4.5052E-08      1.029459    0.98582      1.000
106  3.8358E-06    4.0623E-08      1.029459    0.98599      1.000
107  3.7827E-06    3.6571E-08      1.029459    0.98615      1.000
108  3.7309E-06    3.2863E-08      1.029459    0.98632      1.000
109  3.6805E-06    2.9469E-08      1.029459    0.98648      1.000
110  3.6313E-06    2.6361E-08      1.029459    0.98662      1.000
111  3.5832E-06    2.3516E-08      1.029459    0.98676      1.000
112  3.5362E-06    2.0911E-08      1.029459    0.98690      1.000
113  3.4903E-06    1.8527E-08      1.029459    0.98702      1.000
114  3.4454E-06    1.6343E-08      1.029459    0.98714      1.000
115  3.4015E-06    1.4345E-08      1.029459    0.98724      1.000
116  3.3584E-06    1.2515E-08      1.029459    0.98732     78.364
117  9.8215E-07    1.0959E-06      1.029458    0.29245      1.000
118  8.9241E-07    1.4946E-07      1.029458    0.90863      1.000
119  8.1376E-07    1.7663E-07      1.029458    0.91186      1.000
120  7.5422E-07    1.1908E-07      1.029458    0.92683      1.000
121  7.0076E-07    1.1349E-07      1.029458    0.92913      1.000
122  6.5197E-07    9.5806E-08      1.029458    0.93036      1.000
123  6.0702E-07    8.7363E-08      1.029459    0.93106      1.000
124  5.6895E-07    7.7192E-08      1.029459    0.93729      1.000
125  5.3412E-07    6.9466E-08      1.029459    0.93877      1.000
126  5.0315E-07    6.2340E-08      1.029459    0.94202      1.000
127  4.7437E-07    5.6353E-08      1.029459    0.94279      1.000
128  4.4825E-07    5.1060E-08      1.029459    0.94494      1.000
129  4.2434E-07    4.6426E-08      1.029459    0.94667      1.000
130  4.0263E-07    4.2313E-08      1.029459    0.94883      1.000
131  3.8291E-07    3.8649E-08      1.029459    0.95102      1.000
132  3.6511E-07    3.5363E-08      1.029459    0.95353      1.000
133  3.4907E-07    3.2405E-08      1.029459    0.95607      1.000
134  3.3471E-07    2.9731E-08      1.029459    0.95887      1.000
135  3.2200E-07    2.7305E-08      1.029459    0.96201      1.000
136  3.1078E-07    2.5099E-08      1.029459    0.96515      1.000
137  3.0096E-07    2.3088E-08      1.029459    0.96841      1.000
138  2.9243E-07    2.1251E-08      1.029459    0.97164      1.000
139  2.8509E-07    1.9570E-08      1.029459    0.97493      1.000
140  2.7891E-07    1.8031E-08      1.029459    0.97832      1.000
141  2.7378E-07    1.6618E-08      1.029459    0.98159      1.000
142  2.6963E-07    1.5322E-08      1.029459    0.98483      1.000
143  2.6639E-07    1.4131E-08      1.029459    0.98799      1.000
144  2.6391E-07    1.3036E-08      1.029459    0.99071      1.000
145  2.6202E-07    1.2030E-08      1.029459    0.99282      1.000
146  2.6059E-07    1.1103E-08      1.029459    0.99455      1.000
147  2.5948E-07    1.0251E-08      1.029459    0.99575      1.000
148  2.5859E-07    9.4661E-09      1.029459    0.99654      1.000
149  2.5779E-07    8.7434E-09      1.029459    0.99691      1.000
150  2.5697E-07    8.0778E-09      1.029459    0.99683      1.000
151  2.5612E-07    7.4647E-09      1.029459    0.99669      1.000
152  2.5520E-07    6.8998E-09      1.029459    0.99641      1.000
153  2.5420E-07    6.3793E-09      1.029459    0.99610      1.000
154  2.5313E-07    5.8996E-09      1.029459    0.99577      1.000
155  2.5197E-07    5.4576E-09      1.029459    0.99544      1.000
156  2.5073E-07    5.0502E-09      1.029459    0.99507      1.000
157  2.4941E-07    4.6747E-09      1.029459    0.99472      1.000
158  2.4801E-07    4.3285E-09      1.029459    0.99440      1.000
159  2.4655E-07    4.0094E-09      1.029459    0.99410      1.000
160  2.4502E-07    3.7152E-09      1.029459    0.99382      1.000
161  2.4344E-07    3.4440E-09      1.029459    0.99356      1.000
162  2.4182E-07    3.1940E-09      1.029459    0.99331      1.000
163  2.4015E-07    2.9634E-09      1.029459    0.99309      1.000
164  2.3843E-07    2.7508E-09      1.029459    0.99286      1.000
165  2.3667E-07    2.5548E-09      1.029459    0.99262      1.000
166  2.3487E-07    2.3740E-09      1.029459    0.99241      1.000
167  2.3304E-07    2.2073E-09      1.029459    0.99220      1.000
168  2.3118E-07    2.0536E-09      1.029459    0.99201      1.000
169  2.2929E-07    1.9118E-09      1.029459    0.99183      1.000
170  2.2738E-07    1.7810E-09      1.029459    0.99166      1.000
171  2.2545E-07    1.6604E-09      1.029459    0.99151      1.000
172  2.2350E-07    1.5491E-09      1.029459    0.99136      1.000
173  2.2154E-07    1.4466E-09      1.029459    0.99122      1.000
174  2.1957E-07    1.3519E-09      1.029459    0.99109      1.000
175  2.1758E-07    1.2645E-09      1.029459    0.99098      1.000
176  2.1560E-07    1.1839E-09      1.029459    0.99086      1.000
177  2.1360E-07    1.1096E-09      1.029459    0.99076      1.000
178  2.1161E-07    1.0409E-09      1.029459    0.99065      1.000
179  2.0961E-07    9.7760E-10      1.029459    0.99055      1.000
180  2.0761E-07    9.1916E-10      1.029459    0.99046      1.000
181  2.0561E-07    8.6519E-10      1.029459    0.99037      1.000
182  2.0361E-07    8.1538E-10      1.029459    0.99029      1.000
183  2.0162E-07    7.6941E-10      1.029459    0.99022      1.000
184  1.9963E-07    7.2692E-10      1.029459    0.99014    102.217
185  7.1701E-08    8.9008E-08      1.029460    0.35916      1.000
186  6.5917E-08    6.0795E-09      1.029460    0.91933      1.000
187  6.2121E-08    8.5613E-09      1.029460    0.94241      1.000
188  5.9710E-08    4.5708E-09      1.029460    0.96120      1.000
189  5.7284E-08    4.4968E-09      1.029460    0.95937      1.000
190  5.5158E-08    3.4753E-09      1.029460    0.96289      1.000
191  5.3322E-08    3.1293E-09      1.029460    0.96671      1.000
192  5.1531E-08    2.6278E-09      1.029460    0.96641      1.000
193  4.9873E-08    2.2900E-09      1.029459    0.96782      1.000
194  4.8264E-08    1.9776E-09      1.029459    0.96775      1.000
195  4.6785E-08    1.7331E-09      1.029459    0.96935      1.000
196  4.5375E-08    1.5245E-09      1.029459    0.96985      1.000
197  4.4059E-08    1.3504E-09      1.029459    0.97100      1.000
198  4.2821E-08    1.2016E-09      1.029459    0.97192      1.000
199  4.1658E-08    1.0738E-09      1.029459    0.97283      1.000
200  4.0558E-08    9.6277E-10      1.029459    0.97360      1.000
201  3.9517E-08    8.6566E-10      1.029459    0.97434      1.000
202  3.8530E-08    7.8002E-10      1.029459    0.97501      1.000
203  3.7591E-08    7.0397E-10      1.029459    0.97563      1.000
204  3.6696E-08    6.3611E-10      1.029459    0.97620      1.000
205  3.5846E-08    5.7526E-10      1.029459    0.97682      1.000
206  3.5034E-08    5.2044E-10      1.029459    0.97736      1.000
207  3.4258E-08    4.7087E-10      1.029459    0.97785      1.000
208  3.3517E-08    4.2598E-10      1.029459    0.97837      1.000
209  3.2806E-08    3.8518E-10      1.029459    0.97880      1.000
210  3.2125E-08    3.4810E-10      1.029459    0.97924      1.000
211  3.1470E-08    3.1424E-10      1.029459    0.97960      1.000
212  3.0839E-08    2.8342E-10      1.029459    0.97995      1.000
213  3.0232E-08    2.5525E-10      1.029459    0.98030      1.000
214  2.9646E-08    2.2955E-10      1.029459    0.98061      1.000
215  2.9081E-08    2.0605E-10      1.029459    0.98095      1.000
216  2.8535E-08    1.8458E-10      1.029459    0.98124      1.000
217  2.8008E-08    1.6497E-10      1.029459    0.98152      1.000
218  2.7499E-08    1.4706E-10      1.029459    0.98183      1.000
219  2.7007E-08    1.3069E-10      1.029459    0.98212      1.000
220  2.6532E-08    1.1574E-10      1.029459    0.98240      1.000
221  2.6072E-08    1.0211E-10      1.029459    0.98265      1.000
222  2.5625E-08    8.9655E-11      1.029459    0.98288      1.000
223  2.5191E-08    7.8312E-11      1.029459    0.98306      1.000
224  2.4768E-08    6.8016E-11      1.029459    0.98318      1.000
225  2.4354E-08    5.8574E-11      1.029459    0.98330      1.000
226  2.3950E-08    5.0028E-11      1.029459    0.98341      1.000
227  2.3555E-08    4.2267E-11      1.029459    0.98351     60.289
228  1.4230E-08    2.7599E-09      1.029459    0.60412      1.000
229  1.3738E-08    4.5472E-10      1.029459    0.96547      1.000
230  1.3198E-08    5.1754E-10      1.029459    0.96065      1.000
231  1.2650E-08    3.6167E-10      1.029459    0.95852      1.000
232  1.2158E-08    3.4081E-10      1.029459    0.96104      1.000
233  1.1691E-08    2.8915E-10      1.029459    0.96161      1.000
234  1.1252E-08    2.6183E-10      1.029459    0.96243      1.000
235  1.0835E-08    2.3048E-10      1.029459    0.96292      1.000
236  1.0441E-08    2.0589E-10      1.029459    0.96368      1.000
237  1.0068E-08    1.8321E-10      1.029459    0.96425      1.000
238  9.7148E-09    1.6383E-10      1.029459    0.96494      1.000
239  9.3799E-09    1.4654E-10      1.029459    0.96553      1.000
240  9.0627E-09    1.3130E-10      1.029459    0.96618      1.000
241  8.7619E-09    1.1766E-10      1.029459    0.96681      1.000
242  8.4766E-09    1.0550E-10      1.029459    0.96744      1.000
243  8.2059E-09    9.4496E-11      1.029459    0.96806      1.000
244  7.9488E-09    8.4619E-11      1.029459    0.96867      1.000
245  7.7045E-09    7.5630E-11      1.029459    0.96927      1.000
246  7.4725E-09    6.7531E-11      1.029459    0.96988      1.000
247  7.2519E-09    6.0168E-11      1.029459    0.97048      1.000
248  7.0419E-09    5.3452E-11      1.029459    0.97104      1.000
249  6.8418E-09    4.7375E-11      1.029459    0.97158      1.000
250  6.6512E-09    4.1824E-11      1.029459    0.97214      1.000
251  6.4696E-09    3.6754E-11      1.029459    0.97270      1.000
252  6.2965E-09    3.2161E-11      1.029459    0.97324      1.000
253  6.1312E-09    2.7940E-11      1.029459    0.97375      1.000
254  5.9734E-09    2.4146E-11      1.029459    0.97426      1.000
255  5.8225E-09    2.0664E-11      1.029459    0.97474      1.000
256  5.6784E-09    1.7498E-11      1.029459    0.97525      1.000
257  5.5408E-09    1.4594E-11      1.029459    0.97577      1.000
258  5.4093E-09    1.2008E-11      1.029459    0.97626      1.000
259  5.2835E-09    9.5950E-12      1.029459    0.97675      1.000
260  5.1631E-09    7.4827E-12      1.029459    0.97721      1.000
261  5.0477E-09    5.4988E-12      1.029459    0.97764      1.000
262  4.9369E-09    3.7412E-12      1.029459    0.97806      1.000
263  4.8307E-09    2.1263E-12      1.029459    0.97848      1.000
264  4.7288E-09    6.9021E-13      1.029459    0.97891      1.000
265  4.6310E-09    5.9897E-13      1.029459    0.97932      1.000
266  4.5371E-09    1.7922E-12      1.029459    0.97971      1.000
267  4.4468E-09    2.8251E-12      1.029459    0.98011      1.000
268  4.3602E-09    3.7836E-12      1.029459    0.98052      1.000
269  4.2769E-09    4.6110E-12      1.029459    0.98089      1.000
270  4.1968E-09    5.3851E-12      1.029459    0.98128      1.000
271  4.1199E-09    6.0374E-12      1.029459    0.98167      1.000
272  4.0460E-09    6.6055E-12      1.029459    0.98207      1.000
273  3.9752E-09    7.1478E-12      1.029459    0.98248      1.000
274  3.9074E-09    7.5994E-12      1.029459    0.98294      1.000
275  3.8426E-09    8.0140E-12      1.029459    0.98342      1.000
276  3.7804E-09    8.3414E-12      1.029459    0.98382      1.000
277  3.7206E-09    8.6444E-12      1.029459    0.98417      1.000
278  3.6627E-09    8.8938E-12      1.029459    0.98445      1.000
279  3.6066E-09    9.1231E-12      1.029459    0.98467      1.000
280  3.5519E-09    9.2868E-12      1.029459    0.98485      1.000
281  3.4988E-09    9.4227E-12      1.029459    0.98502      1.000
282  3.4469E-09    9.5374E-12      1.029459    0.98518      1.000
283  3.3964E-09    9.6418E-12      1.029459    0.98534      1.000
284  3.3470E-09    9.6996E-12      1.029459    0.98548      1.000
285  3.2989E-09    9.7399E-12      1.029459    0.98561      1.000
286  3.2518E-09    9.7529E-12      1.029459    0.98574      1.000
287  3.2059E-09    9.7559E-12      1.029459    0.98587     70.129
288  1.7770E-09    8.5548E-10      1.029459    0.55428      1.000
289  1.7264E-09    2.0216E-11      1.029459    0.97157      1.000
290  1.6712E-09    4.6162E-11      1.029459    0.96797      1.000
291  1.6108E-09    1.2469E-11      1.029459    0.96386      1.000
292  1.5576E-09    1.4448E-11      1.029459    0.96699      1.000
293  1.5040E-09    7.5108E-12      1.029459    0.96559      1.000
294  1.4524E-09    6.5919E-12      1.029459    0.96569      1.000
295  1.4029E-09    4.0295E-12      1.029459    0.96592      1.000
296  1.3556E-09    2.8141E-12      1.029459    0.96627      1.000
297  1.3103E-09    1.6554E-12      1.029459    0.96664      1.000
298  1.2669E-09    1.0068E-12      1.029459    0.96682      1.000
299  1.2252E-09    5.1809E-13      1.029459    0.96713      1.000
300  1.1852E-09    2.4114E-13      1.029459    0.96736      1.000
301  1.1469E-09    6.5786E-14      1.029459    0.96762     30.637
302  4.8681E-10    2.7091E-13      1.029459    0.42447      1.000

Cálculo Estático de Flujo:
Tiempo para iteraciones: 1.8040
Num Iteraciones: 302


Cálculo estático de flujo y K efectivo
BETA =  1.30

 IT  Conv Flujo    Conv Keff      Kefectivo     Sigma       Omega
  1  4.7347E-10    6.6217E-13      1.029459    0.00000      1.000

Cálculo Estático de Flujo:
Tiempo para iteraciones: 0.0060
Num Iteraciones: 1


Cálculo estático de flujo y K efectivo
BETA =  1.30

 IT  Conv Flujo    Conv Keff      Kefectivo     Sigma       Omega
  1  4.6103E-10    4.3160E-13      1.029459    0.00000      1.000

Cálculo Estático de Flujo:
Tiempo para iteraciones: 0.0060
Num Iteraciones: 1


Cálculo estático de flujo y K efectivo
BETA =  1.30

 IT  Conv Flujo    Conv Keff      Kefectivo     Sigma       Omega
  1  4.4918E-10    1.2991E-12      1.029459    0.00000      1.000

Cálculo Estático de Flujo:
Tiempo para iteraciones: 0.0070
Num Iteraciones: 1


Cálculo estático de flujo y K efectivo
BETA =  1.30

 IT  Conv Flujo    Conv Keff      Kefectivo     Sigma       Omega
  1  4.3794E-10    1.7663E-12      1.029459    0.00000      1.000

Cálculo Estático de Flujo:
Tiempo para iteraciones: 0.0070
Num Iteraciones: 1



*****************************************************************
Instante = 0.0000

     Potencia Total = 100.0000    
Potencia neutrónica = 94.0026
  Potencia Residual = 5.9974
    Factor de Forma = 1.758
   Conc Xenon Media = 7.3506E-03
  Conc Xen Relativa = 1.00000
Pot Esp Máxima: 92.835   en el canal:   6  trozo:   3
     KE (estático) = 1.02946
     RO (estático) = 2861.6 PCM
  React (estática) = 0.0 PCM


****************************************************
POTENCIAS POR CANAL

CAN E5 1.512  CAN F4 2.014  CAN E4 1.382  CAN D5 2.014  CAN D6 1.382  CAN E6 2.014  
CAN F5 1.382  CAN G4 2.146  CAN G3 2.139  CAN F3 2.098  CAN E3 2.138  CAN D4 2.146  
CAN C5 2.139  CAN C6 2.098  CAN C7 2.138  CAN D7 2.146  CAN E7 2.139  CAN F6 2.098  
CAN G5 2.138  CAN H3 1.893  CAN H2 1.741  CAN G2 1.921  CAN F2 1.993  CAN E2 1.853  
CAN D3 2.033  CAN C4 1.893  CAN B5 1.741  CAN B6 1.921  CAN B7 1.993  CAN B8 1.853  
CAN C8 2.033  CAN D8 1.893  CAN E8 1.741  CAN F7 1.921  CAN G6 1.993  CAN H5 1.853  
CAN H4 2.033  CAN I3 1.350  CAN I2 1.250  CAN I1 0.932  CAN H1 1.189  CAN G1 1.286  
CAN F1 1.261  CAN E1 0.960  CAN D2 1.251  CAN C3 1.350  CAN B4 1.250  CAN A5 0.932  
CAN A6 1.189  CAN A7 1.286  CAN A8 1.261  CAN A9 0.960  CAN B9 1.251  CAN C9 1.350  
CAN D9 1.250  CAN E9 0.932  CAN F8 1.189  CAN G7 1.286  CAN H6 1.261  CAN I5 0.960  
CAN I4 1.251  

****************************************************
DISTRIBUCIÓN ESPACIAL DE POTENCIA


canal E5  1.51
   65.50    84.76    88.73    76.47    68.43    60.93    56.05    33.71    30.11    28.14 
   25.86    24.55    22.14    16.64 
canal F4  2.01
   80.52    88.02    92.83    84.17    77.59    70.36    66.97    61.00    56.65    52.85 
   48.02    45.65    47.77    36.02 
canal E4  1.38
   72.08    87.50    88.05    47.83    42.60    39.18    37.64    34.90    33.34    32.08 
   29.98    28.74    27.81    21.43 
canal D5  2.01
   80.52    88.02    92.83    84.16    77.59    70.36    66.96    61.00    56.65    52.85 
   48.02    45.65    47.76    36.02 
canal D6  1.38
   72.08    87.50    88.05    47.83    42.60    39.19    37.64    34.90    33.34    32.08 
   29.98    28.74    27.81    21.43 
canal E6  2.01
   80.52    88.02    92.84    84.17    77.59    70.36    66.97    61.00    56.65    52.86 
   48.02    45.65    47.77    36.02 
canal F5  1.38
   72.08    87.50    88.05    47.83    42.60    39.19    37.64    34.91    33.34    32.08 
   29.98    28.74    27.81    21.43 
canal G4  2.15
   72.79    79.71    86.39    83.54    80.01    74.63    73.35    70.32    67.01    63.46 
   58.25    55.79    58.90    44.03 
canal G3  2.14
   69.34    75.79    83.57    84.56    82.32    77.12    75.50    72.00    68.11    63.85 
   57.90    54.77    57.28    42.65 
canal F3  2.10
   73.35    79.56    86.05    83.12    79.49    73.87    71.93    68.28    64.38    60.42 
   55.09    52.68    55.95    42.07 
canal E3  2.14
   69.28    75.72    82.86    81.00    78.49    74.02    73.35    70.90    68.07    64.86 
   59.93    57.72    61.81    46.24 
canal D4  2.15
   72.78    79.71    86.39    83.53    80.01    74.62    73.35    70.32    67.01    63.46 
   58.25    55.79    58.90    44.03 
canal C5  2.14
   69.33    75.78    83.57    84.56    82.32    77.11    75.50    71.99    68.10    63.85 
   57.90    54.77    57.28    42.65 
canal C6  2.10
   73.35    79.56    86.05    83.12    79.49    73.87    71.93    68.28    64.38    60.42 
   55.09    52.68    55.95    42.07 
canal C7  2.14
   69.28    75.72    82.86    81.00    78.49    74.02    73.35    70.90    68.07    64.86 
   59.93    57.72    61.81    46.24 
canal D7  2.15
   72.79    79.71    86.39    83.54    80.01    74.62    73.35    70.32    67.01    63.46 
   58.25    55.79    58.90    44.03 
canal E7  2.14
   69.34    75.79    83.57    84.56    82.32    77.12    75.50    72.00    68.11    63.85 
   57.90    54.77    57.28    42.65 
canal F6  2.10
   73.35    79.57    86.05    83.12    79.50    73.87    71.93    68.29    64.38    60.43 
   55.09    52.68    55.95    42.07 
canal G5  2.14
   69.29    75.72    82.86    81.01    78.49    74.02    73.35    70.91    68.07    64.87 
   59.94    57.72    61.82    46.24 
canal H3  1.89
   49.53    61.01    67.12    68.78    68.30    66.01    66.45    65.80    64.85    63.38 
   59.93    57.54    54.24    40.75 
canal H2  1.74
   48.10    54.67    62.14    65.08    65.26    62.67    62.75    61.10    58.96    56.24 
   51.58    48.96    50.44    37.34 
canal G2  1.92
   56.61    62.76    70.59    73.19    72.71    69.21    68.66    66.27    63.31    59.93 
   54.85    52.38    54.98    40.96 
canal F2  1.99
   56.80    63.13    71.14    73.94    73.79    70.71    70.69    68.82    66.43    63.54 
   58.80    56.57    60.01    44.59 
canal E2  1.85
   48.50    54.73    62.52    65.98    66.76    64.85    65.88    65.15    63.82    61.79 
   57.68    55.71    59.10    43.42 
canal D3  2.03
   55.85    62.73    70.82    73.53    73.38    70.59    71.61    70.69    69.09    66.74 
   62.14    59.94    63.39    46.56 
canal C4  1.89
   49.53    61.01    67.12    68.78    68.30    66.00    66.45    65.79    64.85    63.37 
   59.93    57.53    54.23    40.75 
canal B5  1.74
   48.09    54.66    62.14    65.08    65.26    62.66    62.74    61.09    58.95    56.24 
   51.58    48.96    50.43    37.34 
canal B6  1.92
   56.60    62.76    70.58    73.18    72.70    69.21    68.66    66.27    63.30    59.93 
   54.84    52.38    54.98    40.96 
canal B7  1.99
   56.80    63.13    71.14    73.94    73.79    70.71    70.69    68.82    66.42    63.54 
   58.80    56.57    60.00    44.59 
canal B8  1.85
   48.50    54.73    62.52    65.98    66.76    64.86    65.88    65.15    63.82    61.79 
   57.68    55.71    59.10    43.42 
canal C8  2.03
   55.85    62.73    70.82    73.54    73.38    70.59    71.61    70.70    69.09    66.74 
   62.14    59.94    63.40    46.56 
canal D8  1.89
   49.53    61.01    67.13    68.79    68.30    66.01    66.46    65.80    64.85    63.38 
   59.93    57.54    54.24    40.75 
canal E8  1.74
   48.10    54.67    62.14    65.08    65.27    62.67    62.75    61.10    58.96    56.25 
   51.58    48.96    50.44    37.35 
canal F7  1.92
   56.61    62.76    70.59    73.19    72.71    69.21    68.67    66.27    63.31    59.93 
   54.85    52.39    54.98    40.96 
canal G6  1.99
   56.80    63.14    71.15    73.94    73.79    70.71    70.69    68.82    66.43    63.54 
   58.80    56.57    60.01    44.59 
canal H5  1.85
   48.51    54.73    62.53    65.99    66.76    64.86    65.88    65.15    63.82    61.80 
   57.69    55.71    59.10    43.42 
canal H4  2.03
   55.85    62.73    70.82    73.54    73.38    70.59    71.62    70.70    69.10    66.74 
   62.14    59.94    63.40    46.56 
canal I3  1.35
   28.86    38.05    43.17    45.39    46.29    46.07    47.85    48.93    49.83    50.03 
   47.60    44.87    41.45    30.55 
canal I2  1.25
   27.65    35.71    40.35    42.41    43.16    42.78    44.06    44.81    45.80    45.62 
   43.54    41.06    38.47    28.50 
canal I1  0.93
   19.46    25.33    28.90    30.69    31.62    31.78    33.09    33.92    34.60    34.78 
   33.54    32.12    29.06    21.40 
canal H1  1.19
   27.78    35.01    39.23    41.07    41.68    41.18    42.12    42.35    42.36    41.94 
   40.08    38.89    35.87    26.78 
canal G1  1.29
   29.38    37.78    42.24    44.16    44.84    44.38    45.52    45.94    46.13    45.87 
   43.98    42.13    38.79    28.95 
canal F1  1.26
   28.11    36.20    40.82    42.91    43.71    43.33    44.57    45.10    45.42    45.27 
   43.52    41.90    38.90    28.85 
canal E1  0.96
   19.45    25.34    29.00    30.90    31.97    32.29    33.83    34.92    35.83    36.25 
   35.18    33.88    31.18    22.88 
canal D2  1.25
   26.07    33.30    38.08    40.47    41.73    42.01    44.14    45.82    46.92    47.30 
   45.20    42.99    40.59    29.80 
canal C3  1.35
   28.86    38.05    43.17    45.39    46.28    46.06    47.84    48.93    49.83    50.03 
   47.60    44.87    41.45    30.54 
canal B4  1.25
   27.64    35.70    40.35    42.41    43.15    42.77    44.05    44.81    45.79    45.62 
   43.53    41.06    38.46    28.49 
canal A5  0.93
   19.45    25.33    28.90    30.69    31.61    31.77    33.09    33.92    34.59    34.78 
   33.53    32.12    29.06    21.40 
canal A6  1.19
   27.78    35.00    39.23    41.07    41.68    41.17    42.12    42.35    42.36    41.93 
   40.08    38.88    35.87    26.78 
canal A7  1.29
   29.38    37.78    42.24    44.16    44.83    44.37    45.51    45.93    46.12    45.87 
   43.98    42.13    38.79    28.95 
canal A8  1.26
   28.11    36.20    40.82    42.91    43.71    43.33    44.57    45.10    45.42    45.27 
   43.52    41.90    38.90    28.85 
canal A9  0.96
   19.45    25.34    29.00    30.90    31.96    32.29    33.83    34.91    35.83    36.25 
   35.18    33.88    31.18    22.88 
canal B9  1.25
   26.07    33.30    38.09    40.47    41.73    42.01    44.14    45.82    46.92    47.30 
   45.20    42.99    40.59    29.80 
canal C9  1.35
   28.86    38.05    43.17    45.39    46.29    46.07    47.85    48.94    49.83    50.03 
   47.60    44.87    41.46    30.55 
canal D9  1.25
   27.65    35.71    40.35    42.41    43.16    42.78    44.06    44.81    45.80    45.62 
   43.54    41.06    38.47    28.50 
canal E9  0.93
   19.46    25.33    28.90    30.69    31.62    31.78    33.10    33.93    34.60    34.79 
   33.54    32.12    29.06    21.40 
canal F8  1.19
   27.78    35.01    39.24    41.07    41.68    41.18    42.13    42.36    42.36    41.94 
   40.08    38.89    35.87    26.78 
canal G7  1.29
   29.39    37.78    42.24    44.16    44.84    44.38    45.52    45.94    46.13    45.87 
   43.98    42.14    38.79    28.95 
canal H6  1.26
   28.11    36.21    40.82    42.91    43.71    43.34    44.58    45.11    45.42    45.27 
   43.53    41.90    38.90    28.85 
canal I5  0.96
   19.46    25.34    29.00    30.90    31.97    32.29    33.83    34.92    35.84    36.25 
   35.18    33.88    31.18    22.88 
canal I4  1.25
   26.07    33.30    38.09    40.47    41.73    42.02    44.14    45.83    46.92    47.30 
   45.20    42.99    40.59    29.80 

****************************************************
DISTRIBUCIÓN DE QUEMADO

canal E5
     0.0      0.0      0.0      0.0      0.0      0.0      0.0      0.0      0.0      0.0 
     0.0      0.0      0.0      0.0 
canal F4
     0.0      0.0      0.0      0.0      0.0      0.0      0.0      0.0      0.0      0.0 
     0.0      0.0      0.0      0.0 
canal E4
  9015.7  10934.5  13009.2  14146.8  14562.5  14158.0  14014.6  13217.2  12071.5  10773.8 
  9119.1   7857.0   7105.3   5198.6 
canal D5
     0.0      0.0      0.0      0.0      0.0      0.0      0.0      0.0      0.0      0.0 
     0.0      0.0      0.0      0.0 
canal D6
  9015.6  10934.6  13009.1  14146.7  14562.6  14158.0  14014.7  13217.5  12071.4  10773.9 
  9119.1   7857.0   7105.5   5198.6 
canal E6
     0.0      0.0      0.0      0.0      0.0      0.0      0.0      0.0      0.0      0.0 
     0.0      0.0      0.0      0.0 
canal F5
  9014.8  10933.4  13008.0  14145.3  14561.3  14156.6  14013.3  13216.2  12070.1  10772.4 
  9118.1   7855.9   7104.7   5198.1 
canal G4
     0.0      0.0      0.0      0.0      0.0      0.0      0.0      0.0      0.0      0.0 
     0.0      0.0      0.0      0.0 
canal G3
     0.0      0.0      0.0      0.0      0.0      0.0      0.0      0.0      0.0      0.0 
     0.0      0.0      0.0      0.0 
canal F3
     0.0      0.0      0.0      0.0      0.0      0.0      0.0      0.0      0.0      0.0 
     0.0      0.0      0.0      0.0 
canal E3
     0.0      0.0      0.0      0.0      0.0      0.0      0.0      0.0      0.0      0.0 
     0.0      0.0      0.0      0.0 
canal D4
     0.0      0.0      0.0      0.0      0.0      0.0      0.0      0.0      0.0      0.0 
     0.0      0.0      0.0      0.0 
canal C5
     0.0      0.0      0.0      0.0      0.0      0.0      0.0      0.0      0.0      0.0 
     0.0      0.0      0.0      0.0 
canal C6
     0.0      0.0      0.0      0.0      0.0      0.0      0.0      0.0      0.0      0.0 
     0.0      0.0      0.0      0.0 
canal C7
     0.0      0.0      0.0      0.0      0.0      0.0      0.0      0.0      0.0      0.0 
     0.0      0.0      0.0      0.0 
canal D7
     0.0      0.0      0.0      0.0      0.0      0.0      0.0      0.0      0.0      0.0 
     0.0      0.0      0.0      0.0 
canal E7
     0.0      0.0      0.0      0.0      0.0      0.0      0.0      0.0      0.0      0.0 
     0.0      0.0      0.0      0.0 
canal F6
     0.0      0.0      0.0      0.0      0.0      0.0      0.0      0.0      0.0      0.0 
     0.0      0.0      0.0      0.0 
canal G5
     0.0      0.0      0.0      0.0      0.0      0.0      0.0      0.0      0.0      0.0 
     0.0      0.0      0.0      0.0 
canal H3
  9418.0  12605.7  14867.3  16010.4  16377.9  15902.1  15763.4  15004.3  13969.2  12708.4 
 10999.7   9596.2   7741.2   5704.9 
canal H2
     0.0      0.0      0.0      0.0      0.0      0.0      0.0      0.0      0.0      0.0 
     0.0      0.0      0.0      0.0 
canal G2
     0.0      0.0      0.0      0.0      0.0      0.0      0.0      0.0      0.0      0.0 
     0.0      0.0      0.0      0.0 
canal F2
     0.0      0.0      0.0      0.0      0.0      0.0      0.0      0.0      0.0      0.0 
     0.0      0.0      0.0      0.0 
canal E2
     0.0      0.0      0.0      0.0      0.0      0.0      0.0      0.0      0.0      0.0 
     0.0      0.0      0.0      0.0 
canal D3
     0.0      0.0      0.0      0.0      0.0      0.0      0.0      0.0      0.0      0.0 
     0.0      0.0      0.0      0.0 
canal C4
  9418.9  12606.6  14868.6  16011.7  16379.9  15903.8  15765.0  15006.0  13970.7  12709.9 
 11001.0   9597.3   7742.0   5705.7 
canal B5
     0.0      0.0      0.0      0.0      0.0      0.0      0.0      0.0      0.0      0.0 
     0.0      0.0      0.0      0.0 
canal B6
     0.0      0.0      0.0      0.0      0.0      0.0      0.0      0.0      0.0      0.0 
     0.0      0.0      0.0      0.0 
canal B7
     0.0      0.0      0.0      0.0      0.0      0.0      0.0      0.0      0.0      0.0 
     0.0      0.0      0.0      0.0 
canal B8
     0.0      0.0      0.0      0.0      0.0      0.0      0.0      0.0      0.0      0.0 
     0.0      0.0      0.0      0.0 
canal C8
     0.0      0.0      0.0      0.0      0.0      0.0      0.0      0.0      0.0      0.0 
     0.0      0.0      0.0      0.0 
canal D8
  9417.6  12604.9  14866.3  16009.4  16377.1  15901.3  15762.6  15003.3  13968.4  12707.6 
 10999.1   9595.4   7740.5   5704.7 
canal E8
     0.0      0.0      0.0      0.0      0.0      0.0      0.0      0.0      0.0      0.0 
     0.0      0.0      0.0      0.0 
canal F7
     0.0      0.0      0.0      0.0      0.0      0.0      0.0      0.0      0.0      0.0 
     0.0      0.0      0.0      0.0 
canal G6
     0.0      0.0      0.0      0.0      0.0      0.0      0.0      0.0      0.0      0.0 
     0.0      0.0      0.0      0.0 
canal H5
     0.0      0.0      0.0      0.0      0.0      0.0      0.0      0.0      0.0      0.0 
     0.0      0.0      0.0      0.0 
canal H4
     0.0      0.0      0.0      0.0      0.0      0.0      0.0      0.0      0.0      0.0 
     0.0      0.0      0.0      0.0 
canal I3
 12709.7  14276.7  16297.9  17352.1  17522.9  16734.8  16208.8  14974.0  13361.2  11593.5 
  9548.8   8078.6   8012.4   6086.9 
canal I2
 10521.4  13794.8  16122.3  17293.0  17643.1  17075.2  16805.6  15674.8  13621.7  12091.3 
 10021.7   8125.5   6341.3   4118.0 
canal I1
 13550.5  16211.7  18334.9  19356.4  19439.9  18511.2  17866.9  16501.3  14832.7  12970.3 
 10829.8   9271.6   8418.4   6491.7 
canal H1
 11035.9  14519.0  17002.2  18229.7  18567.5  17938.8  17653.5  16670.9  15368.4  13835.4 
 11876.6  10330.4   8458.4   6323.8 
canal G1
 13012.8  14874.1  17344.9  18495.5  18677.9  17822.2  17278.9  16004.7  14400.7  12598.6 
 10446.0   8842.5   8589.4   6596.1 
canal F1
 10709.5  13012.1  15325.2  16531.0  16898.2  16339.1  16082.5  15135.8  13866.2  12374.7 
 10503.0   9101.6   8250.9   6196.6 
canal E1
 13343.6  16013.3  18104.6  19115.7  19213.5  18321.6  17711.6  16362.5  14657.0  12811.1 
 10664.3   9056.5   8125.5   6150.7 
canal D2
 14329.4  17036.0  18624.3  19344.0  19192.3  18083.3  17144.9  15222.2  13446.2  11611.3 
  9633.6   8224.7   7447.0   5774.1 
canal C3
 12709.5  14276.7  16297.8  17351.8  17522.7  16734.5  16208.6  14973.6  13361.1  11593.4 
  9548.2   8078.6   8012.2   6086.9 
canal B4
 10522.4  13795.8  16123.6  17294.5  17644.7  17076.8  16807.5  15676.4  13623.1  12092.7 
 10022.9   8126.0   6342.2   4118.3 
canal A5
 13550.8  16212.1  18335.2  19356.9  19440.4  18511.7  17867.7  16502.0  14833.3  12970.9 
 10830.2   9272.2   8418.7   6492.3 
canal A6
 11036.6  14519.9  17003.2  18231.0  18568.5  17940.3  17654.7  16672.2  15369.8  13836.7 
 11877.3  10331.3   8459.1   6324.3 
canal A7
 13013.4  14874.9  17346.0  18497.0  18679.4  17823.5  17280.3  16006.3  14402.0  12599.9 
 10447.4   8843.6   8590.2   6596.9 
canal A8
 10709.8  13012.5  15325.5  16531.7  16898.9  16339.8  16083.0  15136.4  13866.5  12375.3 
 10503.3   9102.0   8251.5   6197.0 
canal A9
 13344.4  16014.5  18105.9  19117.1  19214.9  18323.2  17713.2  16364.1  14658.5  12812.4 
 10665.5   9057.4   8125.9   6151.4 
canal B9
 14329.7  17036.4  18624.8  19344.9  19193.1  18084.1  17145.8  15222.9  13446.9  11612.2 
  9634.2   8225.3   7447.4   5774.5 
canal C9
 12708.8  14275.6  16296.8  17350.7  17521.5  16733.5  16207.3  14972.5  13359.9  11592.3 
  9547.5   8078.1   8011.5   6086.7 
canal D9
 10521.7  13794.8  16122.5  17293.5  17643.3  17075.9  16806.2  15675.4  13622.1  12091.7 
 10021.9   8125.6   6341.5   4118.0 
canal E9
 13549.8  16211.1  18334.0  19355.5  19438.8  18510.0  17865.7  16500.1  14831.8  12969.4 
 10828.8   9270.9   8417.8   6491.5 
canal F8
 11035.4  14518.3  17001.1  18228.7  18566.3  17937.9  17652.1  16669.7  15367.2  13834.4 
 11875.6  10329.8   8457.6   6323.4 
canal G7
 13012.3  14873.5  17344.3  18495.0  18677.2  17821.3  17278.2  16004.2  14400.1  12598.1 
 10445.5   8842.3   8588.8   6595.8 
canal H6
 10708.4  13011.1  15323.8  16530.1  16896.9  16337.7  16081.1  15134.5  13864.6  12373.6 
 10501.6   9100.7   8250.3   6196.2 
canal I5
 13343.7  16013.3  18104.6  19115.9  19213.7  18321.6  17711.6  16362.7  14657.3  12811.1 
 10664.3   9056.5   8125.5   6150.7 
canal I4
 14329.0  17035.7  18623.9  19343.8  19192.1  18083.1  17144.3  15221.7  13445.8  11611.3 
  9633.3   8224.5   7446.9   5773.9 

QUEMADO MEDIO :  6549.2


****************************************************
DISTRIBUCIÓN DE TEMPERATURA DEL COMBUSTIBLE

canal E5
  443.53   439.47   432.48   420.16   409.49   375.96   367.29   361.43   355.90   352.55 
  349.13   344.13   323.91   324.02 
canal F4
  457.75   455.54   448.51   434.84   424.03   407.72   395.09   384.86   375.24   369.39 
  368.91   359.86   326.02   326.12 
canal E4
  423.13   419.57   414.70   406.10   398.59   387.17   378.76   371.90   365.09   360.60 
  358.80   352.27   324.28   324.48 
canal D5
  457.75   455.54   448.51   434.84   424.03   407.72   395.09   384.86   375.24   369.39 
  368.91   359.86   326.02   326.12 
canal D6
  423.13   419.57   414.70   406.10   398.59   387.17   378.76   371.90   365.09   360.60 
  358.80   352.27   324.28   324.48 
canal E6
  457.75   455.54   448.51   434.84   424.03   407.72   395.09   384.86   375.24   369.39 
  368.91   359.86   326.02   326.12 
canal F5
  423.13   419.57   414.70   406.10   398.59   387.17   378.76   371.90   365.09   360.60 
  358.80   352.27   324.28   324.48 
canal G4
  450.32   451.15   445.75   433.13   422.04   400.49   388.86   379.89   371.47   366.17 
  364.59   356.16   325.65   325.76 
canal G3
  446.49   448.93   444.39   432.64   423.49   410.57   398.59   388.00   377.68   371.11 
  373.31   362.92   326.08   326.25 
canal F3
  451.27   452.58   447.66   435.55   426.40   413.14   400.96   390.31   379.87   373.29 
  371.72   361.59   325.86   325.97 
canal E3
  434.25   435.84   431.83   421.16   412.02   395.87   385.25   376.80   368.94   364.35 
  368.33   359.08   324.99   325.10 
canal D4
  450.32   451.15   445.75   433.13   422.04   400.49   388.86   379.89   371.47   366.17 
  364.59   356.16   325.65   325.76 
canal C5
  446.49   448.93   444.39   432.64   423.49   410.57   398.59   388.00   377.68   371.11 
  373.31   362.92   326.08   326.25 
canal C6
  451.27   452.58   447.66   435.55   426.40   413.14   400.96   390.31   379.87   373.29 
  371.72   361.59   325.86   325.97 
canal C7
  434.25   435.84   431.83   421.16   412.02   395.87   385.25   376.80   368.94   364.35 
  368.33   359.08   324.99   325.10 
canal D7
  450.32   451.15   445.75   433.13   422.04   400.49   388.86   379.89   371.47   366.17 
  364.59   356.16   325.65   325.76 
canal E7
  446.49   448.93   444.39   432.64   423.49   410.57   398.59   388.00   377.68   371.11 
  373.31   362.92   326.08   326.25 
canal F6
  451.27   452.58   447.66   435.55   426.40   413.14   400.96   390.31   379.87   373.29 
  371.72   361.59   325.86   325.97 
canal G5
  434.25   435.84   431.83   421.16   412.02   395.87   385.25   376.80   368.94   364.35 
  368.33   359.08   324.99   325.10 
canal H3
  431.23   433.68   430.28   421.09   412.69   399.79   389.97   381.75   373.59   367.61 
  362.72   354.13   324.72   324.82 
canal H2
  449.15   454.29   451.16   440.04   431.87   419.75   407.87   396.84   385.22   376.82 
  367.26   356.92   325.88   325.98 
canal G2
  445.12   448.93   445.57   435.11   427.42   416.25   405.01   394.55   383.71   375.99 
  369.39   359.04   325.82   325.96 
canal F2
  424.73   427.79   425.33   416.96   410.41   400.48   391.24   382.95   374.51   368.75 
  367.25   357.57   324.42   324.61 
canal E2
  416.70   420.66   418.77   410.50   402.95   388.86   379.75   372.58   365.64   361.20 
  360.14   351.85   322.89   322.89 
canal D3
  435.41   438.60   434.99   424.07   413.16   382.86   373.45   366.93   360.73   356.43 
  353.98   347.45   323.35   323.32 
canal C4
  431.23   433.68   430.28   421.09   412.69   399.79   389.97   381.75   373.59   367.61 
  362.72   354.13   324.72   324.82 
canal B5
  449.15   454.29   451.16   440.04   431.87   419.75   407.87   396.84   385.22   376.82 
  367.26   356.92   325.88   325.98 
canal B6
  445.12   448.93   445.57   435.11   427.42   416.25   405.01   394.55   383.71   375.99 
  369.39   359.04   325.82   325.96 
canal B7
  424.73   427.79   425.33   416.96   410.41   400.48   391.24   382.95   374.51   368.75 
  367.25   357.57   324.42   324.61 
canal B8
  416.70   420.66   418.77   410.50   402.95   388.86   379.75   372.58   365.64   361.20 
  360.14   351.85   322.89   322.89 
canal C8
  435.41   438.60   434.99   424.07   413.16   382.86   373.45   366.93   360.73   356.43 
  353.98   347.45   323.35   323.32 
canal D8
  431.23   433.68   430.28   421.09   412.69   399.79   389.97   381.75   373.59   367.61 
  362.72   354.13   324.72   324.82 
canal E8
  449.15   454.29   451.16   440.04   431.87   419.75   407.87   396.84   385.22   376.82 
  367.26   356.92   325.88   325.98 
canal F7
  445.12   448.93   445.57   435.11   427.42   416.25   405.01   394.55   383.71   375.99 
  369.39   359.04   325.82   325.96 
canal G6
  424.73   427.79   425.33   416.96   410.41   400.48   391.24   382.95   374.51   368.75 
  367.25   357.57   324.42   324.61 
canal H5
  416.70   420.66   418.77   410.50   402.95   388.86   379.75   372.58   365.64   361.20 
  360.14   351.85   322.89   322.89 
canal H4
  435.41   438.60   434.99   424.07   413.16   382.86   373.45   366.93   360.73   356.43 
  353.98   347.45   323.35   323.32 
canal I3
  405.77   410.36   408.61   402.15   395.35   380.31   373.34   367.79   362.07   357.32 
  352.68   346.00   321.75   321.75 
canal I2
  403.01   407.38   406.06   400.60   395.50   387.63   381.09   374.98   368.35   362.79 
  356.49   348.71   322.74   322.80 
canal I1
  383.66   390.92   390.70   387.57   384.68   380.22   375.75   371.02   365.45   360.35 
  354.17   346.72   321.94   322.03 
canal H1
  407.91   412.74   411.55   405.99   401.60   395.01   388.17   381.32   373.66   367.34 
  360.13   351.45   323.63   323.76 
canal G1
  407.04   412.00   410.71   404.98   400.40   393.57   386.57   379.78   372.38   366.48 
  361.13   352.45   323.26   323.37 
canal F1
  388.34   395.12   394.91   391.08   387.07   380.74   374.98   369.69   364.03   359.50 
  356.28   348.80   321.03   321.04 
canal E1
  367.08   374.92   376.79   376.26   373.10   367.94   363.57   359.77   355.69   352.05 
  348.73   342.88   318.11   318.09 
canal D2
  391.80   398.66   398.01   393.05   386.93   372.46   366.11   361.36   356.53   352.56 
  349.49   343.53   319.79   319.76 
canal C3
  405.77   410.36   408.61   402.15   395.35   380.31   373.34   367.79   362.07   357.32 
  352.68   346.00   321.75   321.75 
canal B4
  403.01   407.38   406.06   400.60   395.50   387.63   381.09   374.98   368.35   362.79 
  356.49   348.71   322.74   322.80 
canal A5
  383.66   390.92   390.70   387.57   384.68   380.22   375.75   371.02   365.45   360.35 
  354.17   346.72   321.94   322.03 
canal A6
  407.91   412.74   411.55   405.99   401.60   395.01   388.17   381.32   373.66   367.34 
  360.13   351.45   323.63   323.76 
canal A7
  407.04   412.00   410.71   404.98   400.40   393.57   386.57   379.78   372.38   366.48 
  361.13   352.45   323.26   323.37 
canal A8
  388.34   395.12   394.91   391.08   387.07   380.74   374.98   369.69   364.03   359.50 
  356.28   348.80   321.03   321.04 
canal A9
  367.08   374.92   376.79   376.26   373.10   367.94   363.57   359.77   355.69   352.05 
  348.73   342.88   318.11   318.09 
canal B9
  391.80   398.66   398.01   393.05   386.93   372.46   366.11   361.36   356.53   352.56 
  349.49   343.53   319.79   319.76 
canal C9
  405.77   410.36   408.61   402.15   395.35   380.31   373.34   367.79   362.07   357.32 
  352.68   346.00   321.75   321.75 
canal D9
  403.01   407.38   406.06   400.60   395.50   387.63   381.09   374.98   368.35   362.79 
  356.49   348.71   322.74   322.80 
canal E9
  383.66   390.92   390.70   387.57   384.68   380.22   375.75   371.02   365.45   360.35 
  354.17   346.72   321.94   322.03 
canal F8
  407.91   412.74   411.55   405.99   401.60   395.01   388.17   381.32   373.66   367.34 
  360.13   351.45   323.63   323.76 
canal G7
  407.04   412.00   410.71   404.98   400.40   393.57   386.57   379.78   372.38   366.48 
  361.13   352.45   323.26   323.37 
canal H6
  388.34   395.12   394.91   391.08   387.07   380.74   374.98   369.69   364.03   359.50 
  356.28   348.80   321.03   321.04 
canal I5
  367.08   374.92   376.79   376.26   373.10   367.94   363.57   359.77   355.69   352.05 
  348.73   342.88   318.11   318.09 
canal I4
  391.80   398.66   398.01   393.05   386.93   372.46   366.11   361.36   356.53   352.56 
  349.49   343.53   319.79   319.76 

****************************************************
DISTRIBUCIÓN DE TEMPERATURA DEL RFRIGERANTE

canal E5
  295.21   300.37   305.03   309.12   312.61   315.56   317.61   319.20   320.47   321.51 
  322.40   323.15   323.81   323.93 
canal F4
  296.55   302.01   306.91   311.24   314.88   317.89   320.25   322.06   323.42   324.40 
  325.09   325.58   325.91   326.07 
canal E4
  295.85   300.14   304.16   307.79   310.99   313.80   316.16   318.15   319.77   321.12 
  322.26   323.24   324.05   324.30 
canal D5
  296.55   302.01   306.91   311.24   314.88   317.89   320.25   322.06   323.42   324.40 
  325.09   325.58   325.91   326.07 
canal D6
  295.85   300.14   304.16   307.79   310.99   313.80   316.16   318.15   319.77   321.12 
  322.26   323.24   324.05   324.30 
canal E6
  296.55   302.01   306.91   311.24   314.88   317.89   320.25   322.06   323.42   324.40 
  325.09   325.58   325.91   326.07 
canal F5
  295.85   300.14   304.16   307.79   310.99   313.80   316.16   318.15   319.77   321.12 
  322.26   323.24   324.05   324.30 
canal G4
  295.54   300.88   305.75   310.12   313.81   316.88   319.24   321.07   322.50   323.59 
  324.40   325.02   325.48   325.67 
canal G3
  295.43   300.71   305.61   310.00   313.78   316.97   319.56   321.59   323.14   324.27 
  325.05   325.59   325.95   326.12 
canal F3
  295.68   301.00   305.88   310.26   313.96   317.03   319.50   321.42   322.89   323.95 
  324.73   325.29   325.70   325.87 
canal E3
  294.85   299.62   304.20   308.32   311.84   314.84   317.24   319.20   320.81   322.09 
  323.12   324.01   324.71   324.97 
canal D4
  295.54   300.88   305.75   310.12   313.81   316.88   319.24   321.07   322.50   323.59 
  324.40   325.02   325.48   325.67 
canal C5
  295.43   300.71   305.61   310.00   313.78   316.97   319.56   321.59   323.14   324.27 
  325.05   325.59   325.95   326.12 
canal C6
  295.68   301.00   305.88   310.26   313.96   317.03   319.50   321.42   322.89   323.95 
  324.73   325.29   325.70   325.87 
canal C7
  294.85   299.62   304.20   308.32   311.84   314.84   317.24   319.20   320.81   322.09 
  323.12   324.01   324.71   324.97 
canal D7
  295.54   300.88   305.75   310.12   313.81   316.88   319.24   321.07   322.50   323.59 
  324.40   325.02   325.48   325.67 
canal E7
  295.43   300.71   305.61   310.00   313.78   316.97   319.56   321.59   323.14   324.27 
  325.05   325.59   325.95   326.12 
canal F6
  295.68   301.00   305.88   310.26   313.96   317.03   319.50   321.42   322.89   323.95 
  324.73   325.29   325.70   325.87 
canal G5
  294.85   299.62   304.20   308.32   311.84   314.84   317.24   319.20   320.81   322.09 
  323.12   324.01   324.71   324.97 
canal H3
  293.42   298.20   302.79   307.05   310.72   313.86   316.47   318.64   320.40   321.81 
  322.93   323.83   324.53   324.73 
canal H2
  293.94   299.37   304.45   309.06   312.92   316.19   318.89   321.09   322.73   323.90 
  324.73   325.33   325.75   325.91 
canal G2
  294.18   299.42   304.40   308.90   312.72   315.96   318.63   320.78   322.44   323.66 
  324.56   325.20   325.65   325.84 
canal F2
  293.24   297.74   302.12   306.27   309.88   312.99   315.64   317.88   319.76   321.25 
  322.45   323.45   324.24   324.47 
canal E2
  292.40   296.59   300.81   304.90   308.41   311.44   313.93   316.09   317.91   319.39 
  320.65   321.80   322.78   322.89 
canal D3
  293.59   298.48   303.20   307.56   311.23   314.32   316.51   318.24   319.68   320.84 
  321.80   322.62   323.29   323.33 
canal C4
  293.42   298.20   302.79   307.05   310.72   313.86   316.47   318.64   320.40   321.81 
  322.93   323.83   324.53   324.73 
canal B5
  293.94   299.37   304.45   309.06   312.92   316.19   318.89   321.09   322.73   323.90 
  324.73   325.33   325.75   325.91 
canal B6
  294.18   299.42   304.40   308.90   312.72   315.96   318.63   320.78   322.44   323.66 
  324.56   325.20   325.65   325.84 
canal B7
  293.24   297.74   302.12   306.27   309.88   312.99   315.64   317.88   319.76   321.25 
  322.45   323.45   324.24   324.47 
canal B8
  292.40   296.59   300.81   304.90   308.41   311.44   313.93   316.09   317.91   319.39 
  320.65   321.80   322.78   322.89 
canal C8
  293.59   298.48   303.20   307.56   311.23   314.32   316.51   318.24   319.68   320.84 
  321.80   322.62   323.29   323.33 
canal D8
  293.42   298.20   302.79   307.05   310.72   313.86   316.47   318.64   320.40   321.81 
  322.93   323.83   324.53   324.73 
canal E8
  293.94   299.37   304.45   309.06   312.92   316.19   318.89   321.09   322.73   323.90 
  324.73   325.33   325.75   325.91 
canal F7
  294.18   299.42   304.40   308.90   312.72   315.96   318.63   320.78   322.44   323.66 
  324.56   325.20   325.65   325.84 
canal G6
  293.24   297.74   302.12   306.27   309.88   312.99   315.64   317.88   319.76   321.25 
  322.45   323.45   324.24   324.47 
canal H5
  292.40   296.59   300.81   304.90   308.41   311.44   313.93   316.09   317.91   319.39 
  320.65   321.80   322.78   322.89 
canal H4
  293.59   298.48   303.20   307.56   311.23   314.32   316.51   318.24   319.68   320.84 
  321.80   322.62   323.29   323.33 
canal I3
  291.39   295.35   299.38   303.27   306.74   309.84   312.40   314.62   316.53   318.15 
  319.53   320.71   321.66   321.72 
canal I2
  291.12   294.98   298.90   302.72   306.19   309.38   312.21   314.74   316.91   318.73 
  320.27   321.54   322.59   322.73 
canal I1
  289.93   293.21   296.67   300.15   303.49   306.72   309.75   312.56   315.01   317.12 
  318.94   320.45   321.80   321.95 
canal H1
  291.42   295.46   299.55   303.47   307.03   310.32   313.27   315.87   318.05   319.84 
  321.31   322.49   323.47   323.67 
canal G1
  291.57   295.57   299.62   303.51   307.03   310.22   313.07   315.57   317.71   319.47 
  320.94   322.15   323.12   323.30 
canal F1
  290.59   294.00   297.53   301.05   304.30   307.31   310.05   312.53   314.75   316.65 
  318.32   319.78   320.95   321.03 
canal E1
  289.26   292.05   295.05   298.13   301.09   303.95   306.60   309.07   311.33   313.34 
  315.15   316.77   318.07   318.09 
canal D2
  290.66   294.21   297.88   301.50   304.78   307.77   310.24   312.41   314.33   315.98 
  317.43   318.72   319.75   319.75 
canal C3
  291.39   295.35   299.38   303.27   306.74   309.84   312.40   314.62   316.53   318.15 
  319.53   320.71   321.66   321.72 
canal B4
  291.12   294.98   298.90   302.72   306.19   309.38   312.21   314.74   316.91   318.73 
  320.27   321.54   322.59   322.73 
canal A5
  289.93   293.21   296.67   300.15   303.49   306.72   309.75   312.56   315.01   317.12 
  318.94   320.45   321.80   321.95 
canal A6
  291.42   295.46   299.55   303.47   307.03   310.32   313.27   315.87   318.05   319.84 
  321.31   322.49   323.47   323.67 
canal A7
  291.57   295.57   299.62   303.51   307.03   310.22   313.07   315.57   317.71   319.47 
  320.94   322.15   323.12   323.30 
canal A8
  290.59   294.00   297.53   301.05   304.30   307.31   310.05   312.53   314.75   316.65 
  318.32   319.78   320.95   321.03 
canal A9
  289.26   292.05   295.05   298.13   301.09   303.95   306.60   309.07   311.33   313.34 
  315.15   316.77   318.07   318.09 
canal B9
  290.66   294.21   297.88   301.50   304.78   307.77   310.24   312.41   314.33   315.98 
  317.43   318.72   319.75   319.75 
canal C9
  291.39   295.35   299.38   303.27   306.74   309.84   312.40   314.62   316.53   318.15 
  319.53   320.71   321.66   321.72 
canal D9
  291.12   294.98   298.90   302.72   306.19   309.38   312.21   314.74   316.91   318.73 
  320.27   321.54   322.59   322.73 
canal E9
  289.93   293.21   296.67   300.15   303.49   306.72   309.75   312.56   315.01   317.12 
  318.94   320.45   321.80   321.95 
canal F8
  291.42   295.46   299.55   303.47   307.03   310.32   313.27   315.87   318.05   319.84 
  321.31   322.49   323.47   323.67 
canal G7
  291.57   295.57   299.62   303.51   307.03   310.22   313.07   315.57   317.71   319.47 
  320.94   322.15   323.12   323.30 
canal H6
  290.59   294.00   297.53   301.05   304.30   307.31   310.05   312.53   314.75   316.65 
  318.32   319.78   320.95   321.03 
canal I5
  289.26   292.05   295.05   298.13   301.09   303.95   306.60   309.07   311.33   313.34 
  315.15   316.77   318.07   318.09 
canal I4
  290.66   294.21   297.88   301.50   304.78   307.77   310.24   312.41   314.33   315.98 
  317.43   318.72   319.75   319.75 

****************************************************
DISTRIBUCIÓN DE DENSIDAD DEL REFRIGERANTE

canal E5
  732.28   719.88   706.17   691.77   678.94   666.98   665.98   663.45   660.34   657.25 
  653.57   649.62   645.07   648.09 
canal F4
  729.15   713.80   695.89   677.87   661.55   645.33   631.94   619.84   607.45   596.19 
  584.66   570.81   560.84   563.93 
canal E4
  730.79   720.51   710.56   700.29   690.42   680.42   672.38   664.88   658.55   652.69 
  646.42   638.35   631.29   636.23 
canal D5
  729.15   713.80   695.89   677.87   661.55   645.33   631.94   619.84   607.45   596.19 
  584.66   570.81   560.84   563.93 
canal D6
  730.79   720.51   710.56   700.29   690.42   680.42   672.38   664.88   658.55   652.69 
  646.42   638.35   631.29   636.23 
canal E6
  729.15   713.80   695.89   677.87   661.55   645.33   631.94   619.84   607.45   596.19 
  584.66   570.81   560.84   563.93 
canal F5
  730.79   720.51   710.56   700.29   690.42   680.42   672.38   664.88   658.55   652.69 
  646.42   638.35   631.29   636.23 
canal G4
  731.52   718.03   701.15   683.70   668.12   653.16   643.63   634.69   625.16   616.63 
  607.70   596.70   588.85   593.46 
canal G3
  731.78   718.90   702.27   684.66   668.43   651.94   636.73   622.27   607.30   592.26 
  576.54   557.53   543.85   542.45 
canal F3
  731.20   717.20   700.24   682.44   666.38   650.27   635.80   622.47   608.05   595.62 
  583.68   569.95   560.72   564.31 
canal E3
  733.13   721.68   709.59   695.12   682.22   670.01   661.56   653.86   646.45   640.21 
  633.48   621.59   613.27   619.51 
canal D4
  731.52   718.03   701.15   683.70   668.12   653.16   643.63   634.69   625.16   616.63 
  607.70   596.70   588.85   593.46 
canal C5
  731.78   718.90   702.27   684.66   668.43   651.94   636.73   622.27   607.30   592.26 
  576.54   557.53   543.85   542.45 
canal C6
  731.20   717.20   700.24   682.44   666.38   650.27   635.80   622.47   608.05   595.62 
  583.68   569.95   560.72   564.31 
canal C7
  733.13   721.68   709.59   695.12   682.22   670.01   661.56   653.86   646.45   640.21 
  633.48   621.59   613.27   619.51 
canal D7
  731.52   718.03   701.15   683.70   668.12   653.16   643.63   634.69   625.16   616.63 
  607.70   596.70   588.85   593.46 
canal E7
  731.78   718.90   702.27   684.66   668.43   651.94   636.73   622.27   607.30   592.26 
  576.54   557.53   543.85   542.45 
canal F6
  731.20   717.20   700.24   682.44   666.38   650.27   635.80   622.47   608.05   595.62 
  583.68   569.95   560.72   564.31 
canal G5
  733.13   721.68   709.59   695.12   682.22   670.01   661.56   653.86   646.45   640.21 
  633.48   621.59   613.27   619.51 
canal H3
  736.43   725.18   712.17   699.05   686.32   673.60   663.08   653.13   643.63   635.09 
  626.37   617.18   610.46   615.63 
canal H2
  735.25   722.40   705.27   686.96   670.72   654.28   638.81   623.70   609.20   596.53 
  583.65   571.66   564.85   570.58 
canal G2
  734.67   721.49   706.13   688.74   672.82   656.68   641.49   627.02   611.86   598.56 
  585.88   573.69   565.97   570.17 
canal F2
  736.83   726.28   714.43   702.19   690.97   678.99   668.32   658.44   649.00   641.23 
  633.47   623.40   616.81   622.88 
canal E2
  738.79   729.05   718.89   708.70   699.14   689.10   682.22   675.63   669.53   664.69 
  659.77   652.93   649.35   653.36 
canal D3
  736.04   724.17   710.83   696.30   683.02   670.76   667.79   663.82   659.15   655.19 
  651.27   646.61   643.86   646.19 
canal C4
  736.43   725.18   712.17   699.05   686.32   673.60   663.08   653.13   643.63   635.09 
  626.37   617.18   610.46   615.63 
canal B5
  735.25   722.40   705.27   686.96   670.72   654.28   638.81   623.70   609.20   596.53 
  583.65   571.66   564.85   570.58 
canal B6
  734.67   721.49   706.13   688.74   672.82   656.68   641.49   627.02   611.86   598.56 
  585.88   573.69   565.97   570.17 
canal B7
  736.83   726.28   714.43   702.19   690.97   678.99   668.32   658.44   649.00   641.23 
  633.47   623.40   616.81   622.88 
canal B8
  738.79   729.05   718.89   708.70   699.14   689.10   682.22   675.63   669.53   664.69 
  659.77   652.93   649.35   653.36 
canal C8
  736.04   724.17   710.83   696.30   683.02   670.76   667.79   663.82   659.15   655.19 
  651.27   646.61   643.86   646.19 
canal D8
  736.43   725.18   712.17   699.05   686.32   673.60   663.08   653.13   643.63   635.09 
  626.37   617.18   610.46   615.63 
canal E8
  735.25   722.40   705.27   686.96   670.72   654.28   638.81   623.70   609.20   596.53 
  583.65   571.66   564.85   570.58 
canal F7
  734.67   721.49   706.13   688.74   672.82   656.68   641.49   627.02   611.86   598.56 
  585.88   573.69   565.97   570.17 
canal G6
  736.83   726.28   714.43   702.19   690.97   678.99   668.32   658.44   649.00   641.23 
  633.47   623.40   616.81   622.88 
canal H5
  738.79   729.05   718.89   708.70   699.14   689.10   682.22   675.63   669.53   664.69 
  659.77   652.93   649.35   653.36 
canal H4
  736.04   724.17   710.83   696.30   683.02   670.76   667.79   663.82   659.15   655.19 
  651.27   646.61   643.86   646.19 
canal I3
  741.05   731.93   722.31   712.22   702.30   692.78   686.85   680.84   675.21   670.03 
  665.11   660.72   657.77   659.64 
canal I2
  741.65   732.79   722.98   712.98   703.20   693.49   684.79   676.47   669.03   661.93 
  654.96   648.96   644.33   647.47 
canal I1
  744.31   736.92   728.81   720.42   712.17   704.00   696.21   688.31   681.60   674.91 
  668.23   662.82   656.03   658.86 
canal H1
  740.97   731.64   721.13   709.58   698.69   687.85   677.62   667.25   657.39   648.51 
  639.92   632.40   625.82   630.66 
canal G1
  740.63   731.40   721.45   710.63   700.39   689.84   679.95   670.32   661.19   653.28 
  645.75   638.30   632.74   637.44 
canal F1
  742.83   735.06   726.75   718.22   710.00   701.43   693.61   686.20   679.42   673.59 
  668.13   662.21   657.83   660.32 
canal E1
  745.82   739.57   732.66   725.37   718.19   711.09   704.40   698.06   692.22   686.96 
  682.18   677.78   673.90   674.18 
canal D2
  742.67   734.56   725.87   716.54   707.58   699.00   693.87   688.61   683.63   679.24 
  675.19   671.26   668.45   668.98 
canal C3
  741.05   731.93   722.31   712.22   702.30   692.78   686.85   680.84   675.21   670.03 
  665.11   660.72   657.77   659.64 
canal B4
  741.65   732.79   722.98   712.98   703.20   693.49   684.79   676.47   669.03   661.93 
  654.96   648.96   644.33   647.47 
canal A5
  744.31   736.92   728.81   720.42   712.17   704.00   696.21   688.31   681.60   674.91 
  668.23   662.82   656.03   658.86 
canal A6
  740.97   731.64   721.13   709.58   698.69   687.85   677.62   667.25   657.39   648.51 
  639.92   632.40   625.82   630.66 
canal A7
  740.63   731.40   721.45   710.63   700.39   689.84   679.95   670.32   661.19   653.28 
  645.75   638.30   632.74   637.44 
canal A8
  742.83   735.06   726.75   718.22   710.00   701.43   693.61   686.20   679.42   673.59 
  668.13   662.21   657.83   660.32 
canal A9
  745.82   739.57   732.66   725.37   718.19   711.09   704.40   698.06   692.22   686.96 
  682.18   677.78   673.90   674.18 
canal B9
  742.67   734.56   725.87   716.54   707.58   699.00   693.87   688.61   683.63   679.24 
  675.19   671.26   668.45   668.98 
canal C9
  741.05   731.93   722.31   712.22   702.30   692.78   686.85   680.84   675.21   670.03 
  665.11   660.72   657.77   659.64 
canal D9
  741.65   732.79   722.98   712.98   703.20   693.49   684.79   676.47   669.03   661.93 
  654.96   648.96   644.33   647.47 
canal E9
  744.31   736.92   728.81   720.42   712.17   704.00   696.21   688.31   681.60   674.91 
  668.23   662.82   656.03   658.86 
canal F8
  740.97   731.64   721.13   709.58   698.69   687.85   677.62   667.25   657.39   648.51 
  639.92   632.40   625.82   630.66 
canal G7
  740.63   731.40   721.45   710.63   700.39   689.84   679.95   670.32   661.19   653.28 
  645.75   638.30   632.74   637.44 
canal H6
  742.83   735.06   726.75   718.22   710.00   701.43   693.61   686.20   679.42   673.59 
  668.13   662.21   657.83   660.32 
canal I5
  745.82   739.57   732.66   725.37   718.19   711.09   704.40   698.06   692.22   686.96 
  682.18   677.78   673.90   674.18 
canal I4
  742.67   734.56   725.87   716.54   707.58   699.00   693.87   688.61   683.63   679.24 
  675.19   671.26   668.45   668.98 

****************************************************
DISTRIBUCIÓN DE MATERIALES

canal E5
   1    1    1    1    1    1    1    2    2    2    2    2    2    2 
canal F4
   3    4    4    4    4    4    4    4    4    4    4    4    3    3 
canal E4
   3    4    4    6    6    6    6    6    6    6    6    6    5    5 
canal D5
   3    4    4    4    4    4    4    4    4    4    4    4    3    3 
canal D6
   3    4    4    6    6    6    6    6    6    6    6    6    5    5 
canal E6
   3    4    4    4    4    4    4    4    4    4    4    4    3    3 
canal F5
   3    4    4    6    6    6    6    6    6    6    6    6    5    5 
canal G4
   3    4    4    4    4    4    4    4    4    4    4    4    3    3 
canal G3
   3    4    4    4    4    4    4    4    4    4    4    4    3    3 
canal F3
   3    4    4    4    4    4    4    4    4    4    4    4    3    3 
canal E3
   3    4    4    4    4    4    4    4    4    4    4    4    3    3 
canal D4
   3    4    4    4    4    4    4    4    4    4    4    4    3    3 
canal C5
   3    4    4    4    4    4    4    4    4    4    4    4    3    3 
canal C6
   3    4    4    4    4    4    4    4    4    4    4    4    3    3 
canal C7
   3    4    4    4    4    4    4    4    4    4    4    4    3    3 
canal D7
   3    4    4    4    4    4    4    4    4    4    4    4    3    3 
canal E7
   3    4    4    4    4    4    4    4    4    4    4    4    3    3 
canal F6
   3    4    4    4    4    4    4    4    4    4    4    4    3    3 
canal G5
   3    4    4    4    4    4    4    4    4    4    4    4    3    3 
canal H3
   3    4    4    4    4    4    4    4    4    4    4    4    3    3 
canal H2
   3    4    4    4    4    4    4    4    4    4    4    4    3    3 
canal G2
   3    4    4    4    4    4    4    4    4    4    4    4    3    3 
canal F2
   3    4    4    4    4    4    4    4    4    4    4    4    3    3 
canal E2
   3    4    4    4    4    4    4    4    4    4    4    4    3    3 
canal D3
   3    4    4    4    4    4    4    4    4    4    4    4    3    3 
canal C4
   3    4    4    4    4    4    4    4    4    4    4    4    3    3 
canal B5
   3    4    4    4    4    4    4    4    4    4    4    4    3    3 
canal B6
   3    4    4    4    4    4    4    4    4    4    4    4    3    3 
canal B7
   3    4    4    4    4    4    4    4    4    4    4    4    3    3 
canal B8
   3    4    4    4    4    4    4    4    4    4    4    4    3    3 
canal C8
   3    4    4    4    4    4    4    4    4    4    4    4    3    3 
canal D8
   3    4    4    4    4    4    4    4    4    4    4    4    3    3 
canal E8
   3    4    4    4    4    4    4    4    4    4    4    4    3    3 
canal F7
   3    4    4    4    4    4    4    4    4    4    4    4    3    3 
canal G6
   3    4    4    4    4    4    4    4    4    4    4    4    3    3 
canal H5
   3    4    4    4    4    4    4    4    4    4    4    4    3    3 
canal H4
   3    4    4    4    4    4    4    4    4    4    4    4    3    3 
canal I3
   3    4    4    4    4    4    4    4    4    4    4    4    3    3 
canal I2
   3    4    4    4    4    4    4    4    4    4    4    4    3    3 
canal I1
   3    4    4    4    4    4    4    4    4    4    4    4    3    3 
canal H1
   3    4    4    4    4    4    4    4    4    4    4    4    3    3 
canal G1
   3    4    4    4    4    4    4    4    4    4    4    4    3    3 
canal F1
   3    4    4    4    4    4    4    4    4    4    4    4    3    3 
canal E1
   3    4    4    4    4    4    4    4    4    4    4    4    3    3 
canal D2
   3    4    4    4    4    4    4    4    4    4    4    4    3    3 
canal C3
   3    4    4    4    4    4    4    4    4    4    4    4    3    3 
canal B4
   3    4    4    4    4    4    4    4    4    4    4    4    3    3 
canal A5
   3    4    4    4    4    4    4    4    4    4    4    4    3    3 
canal A6
   3    4    4    4    4    4    4    4    4    4    4    4    3    3 
canal A7
   3    4    4    4    4    4    4    4    4    4    4    4    3    3 
canal A8
   3    4    4    4    4    4    4    4    4    4    4    4    3    3 
canal A9
   3    4    4    4    4    4    4    4    4    4    4    4    3    3 
canal B9
   3    4    4    4    4    4    4    4    4    4    4    4    3    3 
canal C9
   3    4    4    4    4    4    4    4    4    4    4    4    3    3 
canal D9
   3    4    4    4    4    4    4    4    4    4    4    4    3    3 
canal E9
   3    4    4    4    4    4    4    4    4    4    4    4    3    3 
canal F8
   3    4    4    4    4    4    4    4    4    4    4    4    3    3 
canal G7
   3    4    4    4    4    4    4    4    4    4    4    4    3    3 
canal H6
   3    4    4    4    4    4    4    4    4    4    4    4    3    3 
canal I5
   3    4    4    4    4    4    4    4    4    4    4    4    3    3 
canal I4
   3    4    4    4    4    4    4    4    4    4    4    4    3    3 



Tiempo (CPU) no estacionario  =      0.000 seg

           Tiempo (CPU) total =      5.504 seg
