*****************************************************
* Caso de prueba para el CAREM con xenón y quemado  *
*****************************************************

OPCIONES QUEMADO CINETICA DIRECTO
!OPCIONES QUEMADO CINETICA XENON REACOPLAMIENTO TERMOHIDRAULICO ADIABATICO
!OPCIONES QUEMADO CINETICA XENON SAMARIO REACOPLAMIENTO TERMOHIDRAULICO ADIABATICO
!OPCIONES QUEMADO REACOPLAMIENTO TERMOHIDRAULICO XENON BORO CINETICA ADIABATICO LINEAL
!OPCIONES QUEMADO REACOPLAMIENTO TERMOHIDRAULICO XENON CINETICA DIRECTO

PASO DE TIEMPO
  0.1

TFINAL
  1.0

PASO DE IMPRESION
  0.0

MATRIZ DE RESPUESTA

ITERACIONES MAXIMO
  3000

!INTERPOLACION MULTIPLE
!C:\SIMCAREM\MULTIPLE

TABLAS
TCOMUN_AMPLIADA.TXT
!TCOMUN_CITVAP.TXT
!TCOMUN_MAS_NUEVO.TXT

INTERPOLACION LINEAL

!PARA COMPARAR CON PUMA CON FACTOR
!  1.0

!IMPRIMIR ITERACIONES NUMERO POR CANAL
IMPRIMIR  NUMERO


PRECISION PARA EL CALCULO ESTATICO
  1.0E-8

PRECISION PARA EL CALCULO CINETICO
  1.0E-5

Potencia de Fision
  192.0

COEFICIENTE DE SOBRERRELAJACION
  1.2

!VALORES CENTRALES DE TABLA (ConcXE0 TComb0 DensRefr0 TempRefr0):
!  1.4774E+15  450.0   675.0   305.0

INTERCALADOS

QUEMADOS
CAN E1  
   16012.3   19433.7   22072.8   23391.6   23639.9   22749.0   22143.1   20676.7
   18772.9   16655.6   14118.3   12130.3   10680.5    7991.8
CAN D2  
   18012.9   21742.5   24099.6   25235.3   25277.8   24146.3   23197.3   21086.8
   18916.3   16637.4   14042.2   12038.2   10547.3    7946.5
CAN F1  
   14631.5   17989.9   21042.0   22635.4   23148.6   22504.1   22183.3   21003.0
   19405.7   17511.9   15100.7   13213.8   11725.4    8763.8
CAN C3  
   16875.7   19661.5   22506.9   23968.7   24300.5   23445.4   22865.2   21373.1
   19345.6   17111.7   14411.7   12269.6   11408.1    8478.7
CAN E2  
    6642.7    7763.5    9162.8    9920.6   10130.5    9705.1    9452.3    8728.9
    7796.5    6872.0    5801.9    5030.0    4648.9    3370.8
CAN G1  
   17331.5   20362.2   23623.0   25180.3   25520.4   24597.4   23998.8   22506.5
   20584.2   18370.9   15639.3   13475.9   12476.2    9475.2
CAN B4  
   14598.7   19146.3   22291.0   23867.6   24367.0   23715.8   23402.7   22071.8
   19766.7   17813.9   15143.7   12681.4   10018.4    6782.2
CAN D3  
    7849.7   10188.9   11851.7   12643.5   12789.4   12197.9   11810.5   10724.9
    8811.3    7634.8    6153.4    5011.4    3824.5    2234.7
CAN F2  
    7926.7    9266.6   10870.0   11684.9   11849.3   11282.0   10929.0   10077.7
    9056.6    7987.8    6774.1    5921.3    5530.7    4154.8
CAN H1  
   15267.1   20058.4   23377.7   25020.7   25506.2   24786.4   24440.5   23231.0
   21603.2   19647.7   17088.2   14967.1   12231.0    9093.5
CAN A5  
   16492.8   20086.2   22847.5   24206.4   24449.0   23526.6   22907.9   21455.1
   19621.3   17499.8   14932.6   12921.1   11374.4    8614.2
CAN C4  
   16491.6   21466.6   24883.4   26534.1   26980.1   26159.5   25732.3   24355.2
   22508.7   20409.5   17688.5   15443.7   12569.2    9296.7
CAN E3  
    9379.9    9841.7   11080.6   11734.7   11774.0   11059.1   10546.9    9507.8
    8284.0    7144.9    5940.5    5123.9    5332.8    4028.3
CAN G2  
    8291.6   10820.6   12638.1   13487.1   13616.6   12960.0   12559.6   11642.4
   10537.3    9348.6    7950.2    6901.6    5675.9    4244.9
CAN I1  
   16493.5   20086.5   22847.6   24206.7   24449.7   23527.0   22908.5   21455.8
   19621.8   17500.7   14933.3   12922.1   11374.9    8614.7
CAN B5  
    7136.9    9521.1   11215.2   12022.3   12187.7   11660.1   11381.3   10633.9
    9715.0    8694.5    7428.3    6433.9    5174.9    3808.7
CAN D4  
    9927.7   11466.7   12782.0   13385.4   13343.9   12518.1   11917.6   10751.5
    9383.2    8096.8    6726.1    5774.6    5342.8    4023.7
CAN F3  
   10060.6   11560.3   12889.0   13501.8   13453.2   12604.6   11989.2   10836.0
    9543.4    8268.5    6917.8    6000.7    5650.1    4365.7
CAN H2  
    7135.9    9519.9   11213.7   12020.9   12185.7   11658.2   11379.5   10632.2
    9713.5    8692.9    7427.1    6432.8    5174.2    3808.0
CAN A6  
   15265.5   20057.0   23375.8   25018.6   25504.2   24784.1   24438.0   23228.7
   21601.0   19645.3   17085.6   14964.8   12229.7    9092.5
CAN C5  
    9727.1   10508.1   12227.7   12981.8   12982.5   12158.8   11567.9   10445.4
    9165.6    7898.7    6557.4    5627.0    5734.0    4408.5
CAN E4  
   18462.2   21864.5   21635.4   22751.6   23051.7   22213.9   21650.4   20019.3
   18181.0   16227.6   13850.8   12035.9   10763.3    8083.3
CAN G3  
    9726.2   10507.0   12226.1   12980.0   12980.7   12157.1   11566.3   10443.7
    9164.4    7897.5    6556.1    5626.3    5733.2    4407.9
CAN I2  
   14601.0   19148.8   22293.7   23871.0   24370.3   23719.5   23406.3   22075.4
   19769.5   17816.7   15146.2   12683.4   10019.7    6783.1
CAN B6  
    8292.3   10821.6   12639.3   13488.6   13617.8   12961.6   12561.1   11643.7
   10538.7    9349.9    7950.8    6902.4    5676.4    4245.3
CAN D5  
   10646.1   12165.5   12948.3   13276.5   13074.8   12132.4   11367.1    9871.1
    8573.1    7395.8    6181.3    5354.2    5009.2    3889.5
CAN F4  
   10645.7   12165.0   12947.5   13275.5   13074.0   12131.4   11366.0    9870.3
    8572.4    7395.0    6180.8    5353.6    5008.9    3889.2
CAN H3  
   16493.2   21468.1   24885.6   26536.5   26982.9   26162.3   25735.3   24358.3
   22511.8   20412.3   17691.2   15446.1   12571.4    9298.0
CAN A7  
   17329.8   20359.7   23620.4   25177.3   25517.6   24594.2   23995.9   22503.5
   20581.0   18367.8   15636.6   13473.5   12474.5    9473.8
CAN C6  
   10060.9   11560.7   12889.5   13502.4   13453.9   12605.2   11990.1   10836.9
    9544.0    8269.0    6918.1    6001.1    5650.2    4366.2
CAN E5  
    8373.1   10379.1   10675.5   10819.4   10645.8    9921.5    9198.1    5779.3
    4935.6    4310.9    3657.5    3207.0    2658.5    2017.0
CAN G4  
    9926.7   11465.2   12780.2   13383.5   13342.0   12516.1   11915.7   10749.8
    9381.6    8095.6    6725.1    5773.8    5342.4    4023.0
CAN I3  
   16874.2   19659.9   22504.8   23966.3   24298.2   23442.7   22862.8   21371.0
   19343.5   17109.7   14409.9   12268.2   11406.9    8477.9
CAN B7  
    7927.0    9267.0   10870.3   11685.6   11850.0   11282.7   10929.5   10078.3
    9056.9    7988.3    6774.3    5921.7    5531.2    4155.1
CAN D6  
   18462.1   21865.0   21635.2   22751.9   23052.0   22214.1   21650.6   20019.8
   18180.9   16227.3   13851.1   12035.8   10763.3    8083.5
CAN F5  
   18463.4   21866.6   21637.7   22754.8   23054.7   22217.2   21653.7   20023.3
   18184.4   16230.5   13854.0   12038.7   10765.3    8084.8
CAN H4  
    7848.4   10187.5   11850.0   12641.6   12787.4   12195.8   11808.2   10723.3
    8809.8    7633.6    6152.4    5010.9    3823.7    2234.5
CAN A8  
   14631.6   17989.3   21041.2   22634.6   23147.8   22503.0   22182.2   21001.8
   19404.1   17510.7   15099.8   13213.0   11724.6    8763.1
CAN C7  
    9379.6    9841.5   11080.3   11734.2   11773.5   11058.6   10546.7    9507.3
    8283.8    7144.8    5940.0    5123.9    5332.6    4028.3
CAN E6  
   10645.3   12164.6   12947.1   13275.1   13073.5   12131.0   11365.3    9869.6
    8572.0    7394.9    6180.5    5353.5    5008.8    3889.0
CAN G5  
    9378.9    9840.2   11079.0   11732.8   11772.1   11057.3   10545.1    9506.2
    8282.7    7143.9    5939.5    5123.4    5332.1    4028.1
CAN I4  
   18013.0   21742.7   24099.8   25235.6   25277.9   24146.7   23197.3   21087.0
   18916.6   16637.4   14042.6   12038.5   10547.5    7946.8
CAN B8  
    6642.5    7763.5    9162.5    9920.3   10130.4    9705.0    9452.2    8729.0
    7796.1    6872.0    5801.8    5030.0    4649.0    3370.8
CAN D7  
    9926.9   11465.2   12780.4   13383.9   13342.3   12516.2   11915.7   10750.0
    9381.9    8095.6    6725.1    5773.8    5342.4    4023.0
CAN F6  
   10059.7   11559.4   12887.8   13500.5   13451.7   12603.0   11987.7   10834.7
    9542.5    8267.6    6917.0    6000.2    5649.5    4365.6
CAN H5  
    6641.6    7762.2    9161.3    9918.7   10129.0    9703.4    9450.7    8727.7
    7794.9    6870.8    5801.0    5029.1    4648.3    3370.4
CAN A9  
   16009.6   19430.2   22068.8   23387.1   23635.2   22744.8   22138.5   20672.1
   18768.3   16651.3   14114.9   12127.5   10678.3    7989.9
CAN C8  
    7848.8   10187.7   11850.3   12642.1   12788.0   12196.7   11809.0   10723.9
    8810.3    7633.8    6152.4    5011.0    3823.9    2234.5
CAN E7  
    9725.7   10506.4   12225.5   12979.2   12979.7   12156.1   11565.5   10443.1
    9163.8    7897.1    6555.8    5626.1    5732.6    4407.6
CAN G6  
    7925.6    9265.3   10868.3   11683.5   11847.6   11280.2   10927.3   10076.2
    9055.0    7986.6    6772.9    5920.6    5530.3    4154.4
CAN I5  
   16011.9   19433.0   22072.1   23390.5   23638.7   22748.1   22142.1   20675.9
   18771.6   16654.7   14117.7   12129.6   10679.5    7991.3
CAN B9  
   18011.4   21740.4   24097.2   25232.9   25275.0   24143.8   23194.4   21084.1
   18913.8   16634.6   14040.1   12036.6   10546.2    7945.6
CAN D8  
   16494.4   21470.1   24887.3   26538.8   26984.9   26164.5   25737.1   24360.4
   22514.1   20414.7   17693.1   15447.7   12572.5    9299.0
CAN F7  
    8290.9   10819.7   12636.9   13485.8   13615.2   12958.8   12558.0   11641.0
   10536.0    9347.7    7949.2    6901.1    5675.3    4244.6
CAN H6  
   14633.8   17992.3   21044.3   22638.4   23151.5   22507.2   22186.3   21006.3
   19408.6   17514.9   15103.7   13216.3   11727.4    8765.3
CAN C9  
   16876.8   19663.3   22508.4   23970.2   24302.3   23446.8   22867.4   21375.5
   19347.7   17113.6   14413.4   12271.1   11409.2    8479.8
CAN E8  
    7135.4    9519.1   11212.6   12019.8   12184.7   11657.3   11378.7   10631.1
    9712.7    8692.2    7426.5    6432.1    5173.6    3807.8
CAN G7  
   17332.3   20363.0   23624.2   25181.7   25522.0   24598.4   24000.1   22507.9
   20585.8   18371.9   15641.1   13476.4   12476.8    9475.7
CAN D9  
   14599.9   19147.8   22292.9   23869.4   24368.8   23717.8   23404.8   22073.7
   19768.1   17815.3   15144.9   12682.1   10018.8    6782.5
CAN F8  
   15268.2   20060.2   23379.8   25022.8   25508.7   24788.9   24443.1   23233.9
   21605.9   19650.1   17090.3   14968.7   12232.7    9094.6
CAN E9  
   16495.1   20088.8   22850.2   24209.3   24452.1   23529.4   22911.5   21458.8
   19624.5   17503.4   14935.8   12923.8   11376.4    8615.5

  TEMPERATURA DEL COMBUSTIBLE
CAN E1  
    367.08    374.92    376.79    376.26    373.10    367.94    363.57    359.77
    355.69    352.05    348.73    342.88    318.11    318.09
CAN D2
    391.80    398.66    398.01    393.05    386.93    372.46    366.11    361.36
    356.53    352.56    349.49    343.53    319.79    319.76
CAN F1  
    388.34    395.12    394.91    391.08    387.07    380.74    374.98    369.69
    364.03    359.50    356.28    348.80    321.03    321.04
CAN C3  
    405.77    410.36    408.61    402.15    395.35    380.31    373.34    367.79
    362.07    357.32    352.68    346.00    321.75    321.75
CAN E2  
    416.70    420.66    418.77    410.50    402.95    388.86    379.75    372.58
    365.64    361.20    360.14    351.85    322.89    322.89
CAN G1  
    407.04    412.00    410.71    404.98    400.40    393.57    386.57    379.78
    372.38    366.48    361.13    352.45    323.26    323.37
CAN B4  
    403.01    407.38    406.06    400.60    395.50    387.63    381.09    374.98
    368.35    362.79    356.49    348.71    322.74    322.80
CAN D3  
    435.41    438.60    434.99    424.07    413.16    382.86    373.45    366.93
    360.73    356.43    353.98    347.45    323.35    323.32
CAN F2  
    424.73    427.79    425.33    416.96    410.41    400.48    391.24    382.95
    374.51    368.75    367.25    357.57    324.42    324.61
CAN H1
    407.91    412.74    411.55    405.99    401.60    395.01    388.17    381.32
    373.66    367.34    360.13    351.45    323.63    323.76
CAN A5  
    383.66    390.92    390.70    387.57    384.68    380.22    375.75    371.02
    365.45    360.35    354.17    346.72    321.94    322.03
CAN C4
    431.23    433.68    430.28    421.09    412.69    399.79    389.97    381.75
    373.59    367.61    362.72    354.13    324.72    324.82
CAN E3  
    434.25    435.84    431.83    421.16    412.02    395.87    385.25    376.80
    368.94    364.35    368.33    359.08    324.99    325.10
CAN G2  
    445.12    448.93    445.57    435.11    427.42    416.25    405.01    394.55
    383.71    375.99    369.39    359.04    325.82    325.96
CAN I1  
    383.66    390.92    390.70    387.57    384.68    380.22    375.75    371.02
    365.45    360.35    354.17    346.72    321.94    322.03
CAN B5  
    449.15    454.29    451.16    440.04    431.87    419.75    407.87    396.84
    385.22    376.82    367.26    356.92    325.88    325.98
CAN D4  
    450.32    451.15    445.75    433.13    422.04    400.49    388.86    379.89
    371.47    366.17    364.59    356.16    325.65    325.76
CAN F3  
    451.27    452.58    447.66    435.55    426.40    413.14    400.96    390.31
    379.87    373.29    371.72    361.59    325.86    325.97
CAN H2  
    449.15    454.29    451.16    440.04    431.87    419.75    407.87    396.84
    385.22    376.82    367.26    356.92    325.88    325.98
CAN A6  
    407.91    412.74    411.55    405.99    401.60    395.01    388.17    381.32
    373.66    367.34    360.13    351.45    323.63    323.76
CAN C5  
    446.49    448.93    444.39    432.64    423.49    410.57    398.59    388.00
    377.68    371.11    373.31    362.92    326.08    326.25
CAN E4
    423.13    419.57    414.70    406.10    398.59    387.17    378.76    371.90
    365.09    360.60    358.80    352.27    324.28    324.48
CAN G3  
    446.49    448.93    444.39    432.64    423.49    410.57    398.59    388.00
    377.68    371.11    373.31    362.92    326.08    326.25
CAN I2  
    403.01    407.38    406.06    400.60    395.50    387.63    381.09    374.98
    368.35    362.79    356.49    348.71    322.74    322.80
CAN B6  
    445.12    448.93    445.57    435.11    427.42    416.25    405.01    394.55
    383.71    375.99    369.39    359.04    325.82    325.96
CAN D5  
    457.75    455.54    448.51    434.84    424.03    407.72    395.09    384.86
    375.24    369.39    368.91    359.86    326.02    326.12
CAN F4  
    457.75    455.54    448.51    434.84    424.03    407.72    395.09    384.86
    375.24    369.39    368.91    359.86    326.02    326.12
CAN H3  
    431.23    433.68    430.28    421.09    412.69    399.79    389.97    381.75
    373.59    367.61    362.72    354.13    324.72    324.82
CAN A7  
    407.04    412.00    410.71    404.98    400.40    393.57    386.57    379.78
    372.38    366.48    361.13    352.45    323.26    323.37
CAN C6  
    451.27    452.58    447.66    435.55    426.40    413.14    400.96    390.31
    379.87    373.29    371.72    361.59    325.86    325.97
CAN E5  
    443.53    439.47    432.48    420.16    409.49    375.96    367.29    361.43
    355.90    352.55    349.13    344.13    323.91    324.02
CAN G4
    450.32    451.15    445.75    433.13    422.04    400.49    388.86    379.89
    371.47    366.17    364.59    356.16    325.65    325.76
CAN I3  
    405.77    410.36    408.61    402.15    395.35    380.31    373.34    367.79
    362.07    357.32    352.68    346.00    321.75    321.75
CAN B7  
    424.73    427.79    425.33    416.96    410.41    400.48    391.24    382.95
    374.51    368.75    367.25    357.57    324.42    324.61
CAN D6  
    423.13    419.57    414.70    406.10    398.59    387.17    378.76    371.90
    365.09    360.60    358.80    352.27    324.28    324.48
CAN F5  
    423.13    419.57    414.70    406.10    398.59    387.17    378.76    371.90
    365.09    360.60    358.80    352.27    324.28    324.48
CAN H4  
    435.41    438.60    434.99    424.07    413.16    382.86    373.45    366.93
    360.73    356.43    353.98    347.45    323.35    323.32
CAN A8  
    388.34    395.12    394.91    391.08    387.07    380.74    374.98    369.69
    364.03    359.50    356.28    348.80    321.03    321.04
CAN C7  
    434.25    435.84    431.83    421.16    412.02    395.87    385.25    376.80
    368.94    364.35    368.33    359.08    324.99    325.10
CAN E6  
    457.75    455.54    448.51    434.84    424.03    407.72    395.09    384.86
    375.24    369.39    368.91    359.86    326.02    326.12
CAN G5  
    434.25    435.84    431.83    421.16    412.02    395.87    385.25    376.80
    368.94    364.35    368.33    359.08    324.99    325.10
CAN I4
    391.80    398.66    398.01    393.05    386.93    372.46    366.11    361.36
    356.53    352.56    349.49    343.53    319.79    319.76
CAN B8  
    416.70    420.66    418.77    410.50    402.95    388.86    379.75    372.58
    365.64    361.20    360.14    351.85    322.89    322.89
CAN D7  
    450.32    451.15    445.75    433.13    422.04    400.49    388.86    379.89
    371.47    366.17    364.59    356.16    325.65    325.76
CAN F6  
    451.27    452.58    447.66    435.55    426.40    413.14    400.96    390.31
    379.87    373.29    371.72    361.59    325.86    325.97
CAN H5  
    416.70    420.66    418.77    410.50    402.95    388.86    379.75    372.58
    365.64    361.20    360.14    351.85    322.89    322.89
CAN A9  
    367.08    374.92    376.79    376.26    373.10    367.94    363.57    359.77
    355.69    352.05    348.73    342.88    318.11    318.09
CAN C8  
    435.41    438.60    434.99    424.07    413.16    382.86    373.45    366.93
    360.73    356.43    353.98    347.45    323.35    323.32
CAN E7  
    446.49    448.93    444.39    432.64    423.49    410.57    398.59    388.00
    377.68    371.11    373.31    362.92    326.08    326.25
CAN G6  
    424.73    427.79    425.33    416.96    410.41    400.48    391.24    382.95
    374.51    368.75    367.25    357.57    324.42    324.61
CAN I5  
    367.08    374.92    376.79    376.26    373.10    367.94    363.57    359.77
    355.69    352.05    348.73    342.88    318.11    318.09
CAN B9
    391.80    398.66    398.01    393.05    386.93    372.46    366.11    361.36
    356.53    352.56    349.49    343.53    319.79    319.76
CAN D8  
    431.23    433.68    430.28    421.09    412.69    399.79    389.97    381.75
    373.59    367.61    362.72    354.13    324.72    324.82
CAN F7  
    445.12    448.93    445.57    435.11    427.42    416.25    405.01    394.55
    383.71    375.99    369.39    359.04    325.82    325.96
CAN H6  
    388.34    395.12    394.91    391.08    387.07    380.74    374.98    369.69
    364.03    359.50    356.28    348.80    321.03    321.04
CAN C9  
    405.77    410.36    408.61    402.15    395.35    380.31    373.34    367.79
    362.07    357.32    352.68    346.00    321.75    321.75
CAN E8  
    449.15    454.29    451.16    440.04    431.87    419.75    407.87    396.84
    385.22    376.82    367.26    356.92    325.88    325.98
CAN G7  
    407.04    412.00    410.71    404.98    400.40    393.57    386.57    379.78
    372.38    366.48    361.13    352.45    323.26    323.37
CAN D9  
    403.01    407.38    406.06    400.60    395.50    387.63    381.09    374.98
    368.35    362.79    356.49    348.71    322.74    322.80
CAN F8  
    407.91    412.74    411.55    405.99    401.60    395.01    388.17    381.32
    373.66    367.34    360.13    351.45    323.63    323.76
CAN E9  
    383.66    390.92    390.70    387.57    384.68    380.22    375.75    371.02
    365.45    360.35    354.17    346.72    321.94    322.03

 TEMPERATURA DEL REFRIGERANTE
CAN E1  
    289.26    292.05    295.05    298.13    301.09    303.95    306.60    309.07
    311.33    313.34    315.15    316.77    318.07    318.09
CAN D2
    290.66    294.21    297.88    301.50    304.78    307.77    310.24    312.41
    314.33    315.98    317.43    318.72    319.75    319.75
CAN F1  
    290.59    294.00    297.53    301.05    304.30    307.31    310.05    312.53
    314.75    316.65    318.32    319.78    320.95    321.03
CAN C3  
    291.39    295.35    299.38    303.27    306.74    309.84    312.40    314.62
    316.53    318.15    319.53    320.71    321.66    321.72
CAN E2  
    292.40    296.59    300.81    304.90    308.41    311.44    313.93    316.09
    317.91    319.39    320.65    321.80    322.78    322.89
CAN G1  
    291.57    295.57    299.62    303.51    307.03    310.22    313.07    315.57
    317.71    319.47    320.94    322.15    323.12    323.30
CAN B4  
    291.12    294.98    298.90    302.72    306.19    309.38    312.21    314.74
    316.91    318.73    320.27    321.54    322.59    322.73
CAN D3  
    293.59    298.48    303.20    307.56    311.23    314.32    316.51    318.24
    319.68    320.84    321.80    322.62    323.29    323.33
CAN F2  
    293.24    297.74    302.12    306.27    309.88    312.99    315.64    317.88
    319.76    321.25    322.45    323.45    324.24    324.47
CAN H1  
    291.42    295.46    299.55    303.47    307.03    310.32    313.27    315.87
    318.05    319.84    321.31    322.49    323.47    323.67
CAN A5  
    289.93    293.21    296.67    300.15    303.49    306.72    309.75    312.56
    315.01    317.12    318.94    320.45    321.80    321.95
CAN C4
    293.42    298.20    302.79    307.05    310.72    313.86    316.47    318.64
    320.40    321.81    322.93    323.83    324.53    324.73
CAN E3  
    294.85    299.62    304.20    308.32    311.84    314.84    317.24    319.20
    320.81    322.09    323.12    324.01    324.71    324.97
CAN G2  
    294.18    299.42    304.40    308.90    312.72    315.96    318.63    320.78
    322.44    323.66    324.56    325.20    325.65    325.84
CAN I1  
    289.93    293.21    296.67    300.15    303.49    306.72    309.75    312.56
    315.01    317.12    318.94    320.45    321.80    321.95
CAN B5  
    293.94    299.37    304.45    309.06    312.92    316.19    318.89    321.09
    322.73    323.90    324.73    325.33    325.75    325.91
CAN D4  
    295.54    300.88    305.75    310.12    313.81    316.88    319.24    321.07
    322.50    323.59    324.40    325.02    325.48    325.67
CAN F3  
    295.68    301.00    305.88    310.26    313.96    317.03    319.50    321.42
    322.89    323.95    324.73    325.29    325.70    325.87
CAN H2  
    293.94    299.37    304.45    309.06    312.92    316.19    318.89    321.09
    322.73    323.90    324.73    325.33    325.75    325.91
CAN A6  
    291.42    295.46    299.55    303.47    307.03    310.32    313.27    315.87
    318.05    319.84    321.31    322.49    323.47    323.67
CAN C5  
    295.43    300.71    305.61    310.00    313.78    316.97    319.56    321.59
    323.14    324.27    325.05    325.59    325.95    326.12
CAN E4
    295.85    300.14    304.16    307.79    310.99    313.80    316.16    318.15
    319.77    321.12    322.26    323.24    324.05    324.30
CAN G3  
    295.43    300.71    305.61    310.00    313.78    316.97    319.56    321.59
    323.14    324.27    325.05    325.59    325.95    326.12
CAN I2  
    291.12    294.98    298.90    302.72    306.19    309.38    312.21    314.74
    316.91    318.73    320.27    321.54    322.59    322.73
CAN B6  
    294.18    299.42    304.40    308.90    312.72    315.96    318.63    320.78
    322.44    323.66    324.56    325.20    325.65    325.84
CAN D5  
    296.55    302.01    306.91    311.24    314.88    317.89    320.25    322.06
    323.42    324.40    325.09    325.58    325.91    326.07
CAN F4  
    296.55    302.01    306.91    311.24    314.88    317.89    320.25    322.06
    323.42    324.40    325.09    325.58    325.91    326.07
CAN H3  
    293.42    298.20    302.79    307.05    310.72    313.86    316.47    318.64
    320.40    321.81    322.93    323.83    324.53    324.73
CAN A7  
    291.57    295.57    299.62    303.51    307.03    310.22    313.07    315.57
    317.71    319.47    320.94    322.15    323.12    323.30
CAN C6  
    295.68    301.00    305.88    310.26    313.96    317.03    319.50    321.42
    322.89    323.95    324.73    325.29    325.70    325.87
CAN E5  
    295.21    300.37    305.03    309.12    312.61    315.56    317.61    319.20
    320.47    321.51    322.40    323.15    323.81    323.93
CAN G4
    295.54    300.88    305.75    310.12    313.81    316.88    319.24    321.07
    322.50    323.59    324.40    325.02    325.48    325.67
CAN I3  
    291.39    295.35    299.38    303.27    306.74    309.84    312.40    314.62
    316.53    318.15    319.53    320.71    321.66    321.72
CAN B7  
    293.24    297.74    302.12    306.27    309.88    312.99    315.64    317.88
    319.76    321.25    322.45    323.45    324.24    324.47
CAN D6  
    295.85    300.14    304.16    307.79    310.99    313.80    316.16    318.15
    319.77    321.12    322.26    323.24    324.05    324.30
CAN F5  
    295.85    300.14    304.16    307.79    310.99    313.80    316.16    318.15
    319.77    321.12    322.26    323.24    324.05    324.30
CAN H4  
    293.59    298.48    303.20    307.56    311.23    314.32    316.51    318.24
    319.68    320.84    321.80    322.62    323.29    323.33
CAN A8  
    290.59    294.00    297.53    301.05    304.30    307.31    310.05    312.53
    314.75    316.65    318.32    319.78    320.95    321.03
CAN C7  
    294.85    299.62    304.20    308.32    311.84    314.84    317.24    319.20
    320.81    322.09    323.12    324.01    324.71    324.97
CAN E6  
    296.55    302.01    306.91    311.24    314.88    317.89    320.25    322.06
    323.42    324.40    325.09    325.58    325.91    326.07
CAN G5  
    294.85    299.62    304.20    308.32    311.84    314.84    317.24    319.20
    320.81    322.09    323.12    324.01    324.71    324.97
CAN I4
    290.66    294.21    297.88    301.50    304.78    307.77    310.24    312.41
    314.33    315.98    317.43    318.72    319.75    319.75
CAN B8  
    292.40    296.59    300.81    304.90    308.41    311.44    313.93    316.09
    317.91    319.39    320.65    321.80    322.78    322.89
CAN D7  
    295.54    300.88    305.75    310.12    313.81    316.88    319.24    321.07
    322.50    323.59    324.40    325.02    325.48    325.67
CAN F6  
    295.68    301.00    305.88    310.26    313.96    317.03    319.50    321.42
    322.89    323.95    324.73    325.29    325.70    325.87
CAN H5  
    292.40    296.59    300.81    304.90    308.41    311.44    313.93    316.09
    317.91    319.39    320.65    321.80    322.78    322.89
CAN A9  
    289.26    292.05    295.05    298.13    301.09    303.95    306.60    309.07
    311.33    313.34    315.15    316.77    318.07    318.09
CAN C8  
    293.59    298.48    303.20    307.56    311.23    314.32    316.51    318.24
    319.68    320.84    321.80    322.62    323.29    323.33
CAN E7  
    295.43    300.71    305.61    310.00    313.78    316.97    319.56    321.59
    323.14    324.27    325.05    325.59    325.95    326.12
CAN G6  
    293.24    297.74    302.12    306.27    309.88    312.99    315.64    317.88
    319.76    321.25    322.45    323.45    324.24    324.47
CAN I5  
    289.26    292.05    295.05    298.13    301.09    303.95    306.60    309.07
    311.33    313.34    315.15    316.77    318.07    318.09
CAN B9
    290.66    294.21    297.88    301.50    304.78    307.77    310.24    312.41
    314.33    315.98    317.43    318.72    319.75    319.75
CAN D8  
    293.42    298.20    302.79    307.05    310.72    313.86    316.47    318.64
    320.40    321.81    322.93    323.83    324.53    324.73
CAN F7  
    294.18    299.42    304.40    308.90    312.72    315.96    318.63    320.78
    322.44    323.66    324.56    325.20    325.65    325.84
CAN H6  
    290.59    294.00    297.53    301.05    304.30    307.31    310.05    312.53
    314.75    316.65    318.32    319.78    320.95    321.03
CAN C9  
    291.39    295.35    299.38    303.27    306.74    309.84    312.40    314.62
    316.53    318.15    319.53    320.71    321.66    321.72
CAN E8  
    293.94    299.37    304.45    309.06    312.92    316.19    318.89    321.09
    322.73    323.90    324.73    325.33    325.75    325.91
CAN G7  
    291.57    295.57    299.62    303.51    307.03    310.22    313.07    315.57
    317.71    319.47    320.94    322.15    323.12    323.30
CAN D9  
    291.12    294.98    298.90    302.72    306.19    309.38    312.21    314.74
    316.91    318.73    320.27    321.54    322.59    322.73
CAN F8  
    291.42    295.46    299.55    303.47    307.03    310.32    313.27    315.87
    318.05    319.84    321.31    322.49    323.47    323.67
CAN E9  
    289.93    293.21    296.67    300.15    303.49    306.72    309.75    312.56
    315.01    317.12    318.94    320.45    321.80    321.95

 DENSIDAD DEL REFRIGERANTE
CAN E1  
    745.82    739.57    732.66    725.37    718.19    711.09    704.40    698.06
    692.22    686.96    682.18    677.78    673.90    674.18
CAN D2
    742.67    734.56    725.87    716.54    707.58    699.00    693.87    688.61
    683.63    679.24    675.19    671.26    668.45    668.98
CAN F1  
    742.83    735.06    726.75    718.22    710.00    701.43    693.61    686.20
    679.42    673.59    668.13    662.21    657.83    660.32
CAN C3  
    741.05    731.93    722.31    712.22    702.30    692.78    686.85    680.84
    675.21    670.03    665.11    660.72    657.77    659.64
CAN E2  
    738.79    729.05    718.89    708.70    699.14    689.10    682.22    675.63
    669.53    664.69    659.77    652.93    649.35    653.36
CAN G1  
    740.63    731.40    721.45    710.63    700.39    689.84    679.95    670.32
    661.19    653.28    645.75    638.30    632.74    637.44
CAN B4  
    741.65    732.79    722.98    712.98    703.20    693.49    684.79    676.47
    669.03    661.93    654.96    648.96    644.33    647.47
CAN D3  
    736.04    724.17    710.83    696.30    683.02    670.76    667.79    663.82
    659.15    655.19    651.27    646.61    643.86    646.19
CAN F2  
    736.83    726.28    714.43    702.19    690.97    678.99    668.32    658.44
    649.00    641.23    633.47    623.40    616.81    622.88
CAN H1  
    740.97    731.64    721.13    709.58    698.69    687.85    677.62    667.25
    657.39    648.51    639.92    632.40    625.82    630.66
CAN A5  
    744.31    736.92    728.81    720.42    712.17    704.00    696.21    688.31
    681.60    674.91    668.23    662.82    656.03    658.86
CAN C4
    736.43    725.18    712.17    699.05    686.32    673.60    663.08    653.13
    643.63    635.09    626.37    617.18    610.46    615.63
CAN E3  
    733.13    721.68    709.59    695.12    682.22    670.01    661.56    653.86
    646.45    640.21    633.48    621.59    613.27    619.51
CAN G2  
    734.67    721.49    706.13    688.74    672.82    656.68    641.49    627.02
    611.86    598.56    585.88    573.69    565.97    570.17
CAN I1  
    744.31    736.92    728.81    720.42    712.17    704.00    696.21    688.31
    681.60    674.91    668.23    662.82    656.03    658.86
CAN B5  
    735.25    722.40    705.27    686.96    670.72    654.28    638.81    623.70
    609.20    596.53    583.65    571.66    564.85    570.58
CAN D4  
    731.52    718.03    701.15    683.70    668.12    653.16    643.63    634.69
    625.16    616.63    607.70    596.70    588.85    593.46
CAN F3  
    731.20    717.20    700.24    682.44    666.38    650.27    635.80    622.47
    608.05    595.62    583.68    569.95    560.72    564.31
CAN H2  
    735.25    722.40    705.27    686.96    670.72    654.28    638.81    623.70
    609.20    596.53    583.65    571.66    564.85    570.58
CAN A6  
    740.97    731.64    721.13    709.58    698.69    687.85    677.62    667.25
    657.39    648.51    639.92    632.40    625.82    630.66
CAN C5  
    731.78    718.90    702.27    684.66    668.43    651.94    636.73    622.27
    607.30    592.26    576.54    557.53    543.85    542.45
CAN E4
    730.79    720.51    710.56    700.29    690.42    680.42    672.38    664.88
    658.55    652.69    646.42    638.35    631.29    636.23
CAN G3  
    731.78    718.90    702.27    684.66    668.43    651.94    636.73    622.27
    607.30    592.26    576.54    557.53    543.85    542.45
CAN I2  
    741.65    732.79    722.98    712.98    703.20    693.49    684.79    676.47
    669.03    661.93    654.96    648.96    644.33    647.47
CAN B6  
    734.67    721.49    706.13    688.74    672.82    656.68    641.49    627.02
    611.86    598.56    585.88    573.69    565.97    570.17
CAN D5  
    729.15    713.80    695.89    677.87    661.55    645.33    631.94    619.84
    607.45    596.19    584.66    570.81    560.84    563.93
CAN F4  
    729.15    713.80    695.89    677.87    661.55    645.33    631.94    619.84
    607.45    596.19    584.66    570.81    560.84    563.93
CAN H3  
    736.43    725.18    712.17    699.05    686.32    673.60    663.08    653.13
    643.63    635.09    626.37    617.18    610.46    615.63
CAN A7  
    740.63    731.40    721.45    710.63    700.39    689.84    679.95    670.32
    661.19    653.28    645.75    638.30    632.74    637.44
CAN C6  
    731.20    717.20    700.24    682.44    666.38    650.27    635.80    622.47
    608.05    595.62    583.68    569.95    560.72    564.31
CAN E5  
    732.28    719.88    706.17    691.77    678.94    666.98    665.98    663.45
    660.34    657.25    653.57    649.62    645.07    648.09
CAN G4
    731.52    718.03    701.15    683.70    668.12    653.16    643.63    634.69
    625.16    616.63    607.70    596.70    588.85    593.46
CAN I3  
    741.05    731.93    722.31    712.22    702.30    692.78    686.85    680.84
    675.21    670.03    665.11    660.72    657.77    659.64
CAN B7  
    736.83    726.28    714.43    702.19    690.97    678.99    668.32    658.44
    649.00    641.23    633.47    623.40    616.81    622.88
CAN D6  
    730.79    720.51    710.56    700.29    690.42    680.42    672.38    664.88
    658.55    652.69    646.42    638.35    631.29    636.23
CAN F5  
    730.79    720.51    710.56    700.29    690.42    680.42    672.38    664.88
    658.55    652.69    646.42    638.35    631.29    636.23
CAN H4  
    736.04    724.17    710.83    696.30    683.02    670.76    667.79    663.82
    659.15    655.19    651.27    646.61    643.86    646.19
CAN A8  
    742.83    735.06    726.75    718.22    710.00    701.43    693.61    686.20
    679.42    673.59    668.13    662.21    657.83    660.32
CAN C7  
    733.13    721.68    709.59    695.12    682.22    670.01    661.56    653.86
    646.45    640.21    633.48    621.59    613.27    619.51
CAN E6  
    729.15    713.80    695.89    677.87    661.55    645.33    631.94    619.84
    607.45    596.19    584.66    570.81    560.84    563.93
CAN G5  
    733.13    721.68    709.59    695.12    682.22    670.01    661.56    653.86
    646.45    640.21    633.48    621.59    613.27    619.51
CAN I4
    742.67    734.56    725.87    716.54    707.58    699.00    693.87    688.61
    683.63    679.24    675.19    671.26    668.45    668.98
CAN B8  
    738.79    729.05    718.89    708.70    699.14    689.10    682.22    675.63
    669.53    664.69    659.77    652.93    649.35    653.36
CAN D7  
    731.52    718.03    701.15    683.70    668.12    653.16    643.63    634.69
    625.16    616.63    607.70    596.70    588.85    593.46
CAN F6  
    731.20    717.20    700.24    682.44    666.38    650.27    635.80    622.47
    608.05    595.62    583.68    569.95    560.72    564.31
CAN H5  
    738.79    729.05    718.89    708.70    699.14    689.10    682.22    675.63
    669.53    664.69    659.77    652.93    649.35    653.36
CAN A9  
    745.82    739.57    732.66    725.37    718.19    711.09    704.40    698.06
    692.22    686.96    682.18    677.78    673.90    674.18
CAN C8  
    736.04    724.17    710.83    696.30    683.02    670.76    667.79    663.82
    659.15    655.19    651.27    646.61    643.86    646.19
CAN E7  
    731.78    718.90    702.27    684.66    668.43    651.94    636.73    622.27
    607.30    592.26    576.54    557.53    543.85    542.45
CAN G6  
    736.83    726.28    714.43    702.19    690.97    678.99    668.32    658.44
    649.00    641.23    633.47    623.40    616.81    622.88
CAN I5  
    745.82    739.57    732.66    725.37    718.19    711.09    704.40    698.06
    692.22    686.96    682.18    677.78    673.90    674.18
CAN B9
    742.67    734.56    725.87    716.54    707.58    699.00    693.87    688.61
    683.63    679.24    675.19    671.26    668.45    668.98
CAN D8  
    736.43    725.18    712.17    699.05    686.32    673.60    663.08    653.13
    643.63    635.09    626.37    617.18    610.46    615.63
CAN F7  
    734.67    721.49    706.13    688.74    672.82    656.68    641.49    627.02
    611.86    598.56    585.88    573.69    565.97    570.17
CAN H6  
    742.83    735.06    726.75    718.22    710.00    701.43    693.61    686.20
    679.42    673.59    668.13    662.21    657.83    660.32
CAN C9  
    741.05    731.93    722.31    712.22    702.30    692.78    686.85    680.84
    675.21    670.03    665.11    660.72    657.77    659.64
CAN E8  
    735.25    722.40    705.27    686.96    670.72    654.28    638.81    623.70
    609.20    596.53    583.65    571.66    564.85    570.58
CAN G7  
    740.63    731.40    721.45    710.63    700.39    689.84    679.95    670.32
    661.19    653.28    645.75    638.30    632.74    637.44
CAN D9  
    741.65    732.79    722.98    712.98    703.20    693.49    684.79    676.47
    669.03    661.93    654.96    648.96    644.33    647.47
CAN F8  
    740.97    731.64    721.13    709.58    698.69    687.85    677.62    667.25
    657.39    648.51    639.92    632.40    625.82    630.66
CAN E9  
    744.31    736.92    728.81    720.42    712.17    704.00    696.21    688.31
    681.60    674.91    668.23    662.82    656.03    658.86